county,date,total_doses,one_dose,vaccinated
Anderson,2020-12-29,26,26,0
Anderson,2021-01-03,205,205,0
Anderson,2021-01-05,253,253,0
Anderson,2021-01-06,255,255,0
Anderson,2021-01-07,268,268,0
Anderson,2021-01-08,361,359,2
Anderson,2021-01-09,568,563,5
Anderson,2021-01-10,596,586,10
Anderson,2021-01-11,708,697,11
Andrews,2020-12-29,282,282,0
Andrews,2021-01-03,570,570,0
Andrews,2021-01-05,573,573,0
Andrews,2021-01-06,582,577,5
Andrews,2021-01-07,589,583,6
Andrews,2021-01-08,594,587,7
Andrews,2021-01-09,615,601,14
Andrews,2021-01-10,624,609,15
Andrews,2021-01-11,625,610,15
Angelina,2020-12-29,439,439,0
Angelina,2021-01-03,987,987,0
Angelina,2021-01-05,1119,1119,0
Angelina,2021-01-06,1342,1339,3
Angelina,2021-01-07,1823,1820,3
Angelina,2021-01-08,2236,2231,5
Angelina,2021-01-09,2828,2820,8
Angelina,2021-01-10,3007,2997,10
Angelina,2021-01-11,3009,2999,10
Aransas,2020-12-29,41,41,0
Aransas,2021-01-03,167,167,0
Aransas,2021-01-05,183,183,0
Aransas,2021-01-06,199,198,1
Aransas,2021-01-07,221,220,1
Aransas,2021-01-08,243,239,4
Aransas,2021-01-09,375,367,8
Aransas,2021-01-10,436,423,13
Aransas,2021-01-11,436,423,13
Archer,2020-12-29,77,77,0
Archer,2021-01-03,128,128,0
Archer,2021-01-05,141,141,0
Archer,2021-01-06,149,149,0
Archer,2021-01-07,163,152,11
Archer,2021-01-08,190,174,16
Archer,2021-01-09,226,210,16
Archer,2021-01-10,231,215,16
Archer,2021-01-11,232,216,16
Armstrong,2020-12-29,13,13,0
Armstrong,2021-01-03,28,28,0
Armstrong,2021-01-05,38,38,0
Armstrong,2021-01-06,49,49,0
Armstrong,2021-01-07,66,66,0
Armstrong,2021-01-08,93,89,4
Armstrong,2021-01-09,96,91,5
Armstrong,2021-01-10,103,98,5
Armstrong,2021-01-11,103,98,5
Atascosa,2020-12-29,163,164,0
Atascosa,2021-01-03,528,528,0
Atascosa,2021-01-05,598,598,0
Atascosa,2021-01-06,619,616,3
Atascosa,2021-01-07,707,704,3
Atascosa,2021-01-08,809,799,10
Atascosa,2021-01-09,895,853,42
Atascosa,2021-01-10,1086,1030,56
Atascosa,2021-01-11,1094,1037,57
Austin,2020-12-29,51,51,0
Austin,2021-01-03,227,227,0
Austin,2021-01-05,277,277,0
Austin,2021-01-06,315,315,0
Austin,2021-01-07,416,416,0
Austin,2021-01-08,502,498,4
Austin,2021-01-09,670,660,10
Austin,2021-01-10,711,696,15
Austin,2021-01-11,721,705,16
Bailey,2020-12-29,52,52,0
Bailey,2021-01-03,103,103,0
Bailey,2021-01-05,105,105,0
Bailey,2021-01-06,107,107,0
Bailey,2021-01-07,110,110,0
Bailey,2021-01-08,117,117,0
Bailey,2021-01-09,127,127,0
Bailey,2021-01-10,128,128,0
Bailey,2021-01-11,129,129,0
Bandera,2020-12-29,37,37,0
Bandera,2021-01-03,191,191,0
Bandera,2021-01-05,214,214,0
Bandera,2021-01-06,222,222,0
Bandera,2021-01-07,243,242,1
Bandera,2021-01-08,251,249,2
Bandera,2021-01-09,379,374,5
Bandera,2021-01-10,453,442,11
Bandera,2021-01-11,509,498,11
Bastrop,2020-12-29,176,176,0
Bastrop,2021-01-03,824,824,0
Bastrop,2021-01-05,939,939,0
Bastrop,2021-01-06,983,981,2
Bastrop,2021-01-07,1050,1022,28
Bastrop,2021-01-08,1169,1139,30
Bastrop,2021-01-09,1328,1282,46
Bastrop,2021-01-10,1439,1360,79
Bastrop,2021-01-11,1443,1363,80
Baylor,2020-12-29,37,37,0
Baylor,2021-01-03,72,72,0
Baylor,2021-01-05,95,95,0
Baylor,2021-01-06,96,96,0
Baylor,2021-01-07,99,99,0
Baylor,2021-01-08,222,221,1
Baylor,2021-01-09,223,222,1
Baylor,2021-01-10,225,223,2
Baylor,2021-01-11,225,223,2
Bee,2020-12-29,72,72,0
Bee,2021-01-03,237,237,0
Bee,2021-01-05,242,242,0
Bee,2021-01-06,254,254,0
Bee,2021-01-07,295,295,0
Bee,2021-01-08,494,489,5
Bee,2021-01-09,575,559,16
Bee,2021-01-10,633,617,16
Bee,2021-01-11,634,617,17
Bell,2020-12-29,1371,1371,0
Bell,2021-01-03,3190,3190,0
Bell,2021-01-05,3379,3379,0
Bell,2021-01-06,3576,3573,3
Bell,2021-01-07,3720,3713,7
Bell,2021-01-08,4302,4219,83
Bell,2021-01-09,5096,4868,228
Bell,2021-01-10,5899,5346,553
Bell,2021-01-11,5904,5350,554
Bexar,2020-12-29,12052,12052,0
Bexar,2021-01-03,31026,31026,0
Bexar,2021-01-05,37186,37186,0
Bexar,2021-01-06,39721,39399,322
Bexar,2021-01-07,42594,42264,330
Bexar,2021-01-08,45919,44746,1173
Bexar,2021-01-09,50705,47845,2860
Bexar,2021-01-10,56539,50740,5799
Bexar,2021-01-11,57268,51178,6090
Blanco,2020-12-29,28,28,0
Blanco,2021-01-03,77,77,0
Blanco,2021-01-05,87,87,0
Blanco,2021-01-06,95,95,0
Blanco,2021-01-07,107,106,1
Blanco,2021-01-08,123,122,1
Blanco,2021-01-09,177,175,2
Blanco,2021-01-10,185,178,7
Blanco,2021-01-11,185,177,8
Borden,2020-12-29,0,0,0
Borden,2021-01-03,1,1,0
Borden,2021-01-05,3,3,0
Borden,2021-01-06,3,3,0
Borden,2021-01-07,6,6,0
Borden,2021-01-08,10,10,0
Borden,2021-01-09,13,13,0
Borden,2021-01-10,13,13,0
Borden,2021-01-11,13,13,0
Bosque,2020-12-29,27,27,0
Bosque,2021-01-03,108,108,0
Bosque,2021-01-05,122,122,0
Bosque,2021-01-06,186,185,1
Bosque,2021-01-07,228,226,2
Bosque,2021-01-08,256,254,2
Bosque,2021-01-09,288,282,6
Bosque,2021-01-10,432,420,12
Bosque,2021-01-11,432,420,12
Bowie,2020-12-29,281,281,0
Bowie,2021-01-03,1150,1150,0
Bowie,2021-01-05,1160,1160,0
Bowie,2021-01-06,1192,1190,2
Bowie,2021-01-07,1242,1239,3
Bowie,2021-01-08,1293,1290,3
Bowie,2021-01-09,1404,1373,31
Bowie,2021-01-10,1429,1397,32
Bowie,2021-01-11,1440,1408,32
Brazoria,2020-12-29,1980,1980,0
Brazoria,2021-01-03,4495,4495,0
Brazoria,2021-01-05,5148,5148,0
Brazoria,2021-01-06,5566,5444,122
Brazoria,2021-01-07,6240,5996,244
Brazoria,2021-01-08,7649,7217,432
Brazoria,2021-01-09,8637,7979,658
Brazoria,2021-01-10,10084,8850,1234
Brazoria,2021-01-11,10498,9114,1384
Brazos,2020-12-29,731,731,0
Brazos,2021-01-03,1402,1402,0
Brazos,2021-01-05,1464,1464,0
Brazos,2021-01-06,1772,1771,1
Brazos,2021-01-07,1878,1876,2
Brazos,2021-01-08,2086,2056,30
Brazos,2021-01-09,2467,2377,90
Brazos,2021-01-10,2639,2484,155
Brazos,2021-01-11,2644,2488,156
Brewster,2020-12-29,18,18,0
Brewster,2021-01-03,64,64,0
Brewster,2021-01-05,96,96,0
Brewster,2021-01-06,102,102,0
Brewster,2021-01-07,149,149,0
Brewster,2021-01-08,150,150,0
Brewster,2021-01-09,296,296,0
Brewster,2021-01-10,307,306,1
Brewster,2021-01-11,311,310,1
Briscoe,2020-12-29,1,1,0
Briscoe,2021-01-03,16,16,0
Briscoe,2021-01-05,23,23,0
Briscoe,2021-01-06,29,29,0
Briscoe,2021-01-07,33,33,0
Briscoe,2021-01-08,36,36,0
Briscoe,2021-01-09,72,72,0
Briscoe,2021-01-10,95,95,0
Briscoe,2021-01-11,95,95,0
Brooks,2020-12-29,3,3,0
Brooks,2021-01-03,101,101,0
Brooks,2021-01-05,101,101,0
Brooks,2021-01-06,104,104,0
Brooks,2021-01-07,108,108,0
Brooks,2021-01-08,119,119,0
Brooks,2021-01-09,123,123,0
Brooks,2021-01-10,133,133,0
Brooks,2021-01-11,133,133,0
Brown,2020-12-29,357,357,0
Brown,2021-01-03,569,569,0
Brown,2021-01-05,576,576,0
Brown,2021-01-06,603,600,3
Brown,2021-01-07,624,621,3
Brown,2021-01-08,692,687,5
Brown,2021-01-09,710,696,14
Brown,2021-01-10,720,706,14
Brown,2021-01-11,720,706,14
Burleson,2020-12-29,38,38,0
Burleson,2021-01-03,152,152,0
Burleson,2021-01-05,162,162,0
Burleson,2021-01-06,171,171,0
Burleson,2021-01-07,189,188,1
Burleson,2021-01-08,218,217,1
Burleson,2021-01-09,293,291,2
Burleson,2021-01-10,301,297,4
Burleson,2021-01-11,301,297,4
Burnet,2020-12-29,169,169,0
Burnet,2021-01-03,475,475,0
Burnet,2021-01-05,506,506,0
Burnet,2021-01-06,525,524,1
Burnet,2021-01-07,544,543,1
Burnet,2021-01-08,635,634,1
Burnet,2021-01-09,729,723,6
Burnet,2021-01-10,758,739,19
Burnet,2021-01-11,758,739,19
Caldwell,2020-12-29,87,87,0
Caldwell,2021-01-03,400,400,0
Caldwell,2021-01-05,436,436,0
Caldwell,2021-01-06,455,454,1
Caldwell,2021-01-07,480,479,1
Caldwell,2021-01-08,558,557,1
Caldwell,2021-01-09,626,622,4
Caldwell,2021-01-10,690,671,19
Caldwell,2021-01-11,692,671,21
Calhoun,2020-12-29,119,119,0
Calhoun,2021-01-03,318,318,0
Calhoun,2021-01-05,366,366,0
Calhoun,2021-01-06,367,367,0
Calhoun,2021-01-07,422,421,1
Calhoun,2021-01-08,436,433,3
Calhoun,2021-01-09,446,441,5
Calhoun,2021-01-10,472,465,7
Calhoun,2021-01-11,481,474,7
Callahan,2020-12-29,140,140,0
Callahan,2021-01-03,187,187,0
Callahan,2021-01-05,195,195,0
Callahan,2021-01-06,201,201,0
Callahan,2021-01-07,202,202,0
Callahan,2021-01-08,222,222,0
Callahan,2021-01-09,312,254,58
Callahan,2021-01-10,316,258,58
Callahan,2021-01-11,316,258,58
Cameron,2020-12-29,3741,3741,0
Cameron,2021-01-03,7098,7098,0
Cameron,2021-01-05,8282,8282,0
Cameron,2021-01-06,9479,9473,6
Cameron,2021-01-07,10875,10867,8
Cameron,2021-01-08,12278,12270,8
Cameron,2021-01-09,15295,14591,704
Cameron,2021-01-10,17480,15505,1975
Cameron,2021-01-11,17716,15720,1996
Camp,2020-12-29,33,33,0
Camp,2021-01-03,109,109,0
Camp,2021-01-05,121,121,0
Camp,2021-01-06,135,135,0
Camp,2021-01-07,139,139,0
Camp,2021-01-08,152,152,0
Camp,2021-01-09,183,177,6
Camp,2021-01-10,196,187,9
Camp,2021-01-11,211,198,13
Carson,2020-12-29,18,18,0
Carson,2021-01-03,110,110,0
Carson,2021-01-05,136,136,0
Carson,2021-01-06,177,177,0
Carson,2021-01-07,208,205,3
Carson,2021-01-08,260,257,3
Carson,2021-01-09,271,265,6
Carson,2021-01-10,285,279,6
Carson,2021-01-11,288,281,7
Cass,2020-12-29,82,82,0
Cass,2021-01-03,193,193,0
Cass,2021-01-05,200,200,0
Cass,2021-01-06,217,217,0
Cass,2021-01-07,225,225,0
Cass,2021-01-08,233,232,1
Cass,2021-01-09,244,241,3
Cass,2021-01-10,248,245,3
Cass,2021-01-11,249,246,3
Castro,2020-12-29,87,87,0
Castro,2021-01-03,123,123,0
Castro,2021-01-05,129,129,0
Castro,2021-01-06,140,139,1
Castro,2021-01-07,160,158,2
Castro,2021-01-08,170,168,2
Castro,2021-01-09,185,182,3
Castro,2021-01-10,193,190,3
Castro,2021-01-11,193,190,3
Chambers,2020-12-29,68,68,0
Chambers,2021-01-03,269,269,0
Chambers,2021-01-05,309,309,0
Chambers,2021-01-06,340,337,3
Chambers,2021-01-07,389,379,10
Chambers,2021-01-08,544,517,27
Chambers,2021-01-09,755,705,50
Chambers,2021-01-10,834,777,57
Chambers,2021-01-11,895,823,72
Cherokee,2020-12-29,144,144,0
Cherokee,2021-01-03,534,534,0
Cherokee,2021-01-05,614,614,0
Cherokee,2021-01-06,659,659,0
Cherokee,2021-01-07,679,679,0
Cherokee,2021-01-08,778,776,2
Cherokee,2021-01-09,919,911,8
Cherokee,2021-01-10,1001,978,23
Cherokee,2021-01-11,1048,1022,26
Childress,2020-12-29,48,48,0
Childress,2021-01-03,271,271,0
Childress,2021-01-05,214,214,0
Childress,2021-01-06,296,296,0
Childress,2021-01-07,297,296,1
Childress,2021-01-08,366,365,1
Childress,2021-01-09,438,436,2
Childress,2021-01-10,439,436,3
Childress,2021-01-11,440,437,3
Clay,2020-12-29,98,98,0
Clay,2021-01-03,149,149,0
Clay,2021-01-05,187,187,0
Clay,2021-01-06,196,195,1
Clay,2021-01-07,214,202,12
Clay,2021-01-08,268,248,20
Clay,2021-01-09,321,297,24
Clay,2021-01-10,326,301,25
Clay,2021-01-11,328,303,25
Cochran,2020-12-29,60,60,0
Cochran,2021-01-03,96,96,0
Cochran,2021-01-05,105,105,0
Cochran,2021-01-06,107,107,0
Cochran,2021-01-07,130,130,0
Cochran,2021-01-08,151,148,3
Cochran,2021-01-09,163,157,6
Cochran,2021-01-10,205,188,17
Cochran,2021-01-11,205,188,17
Coke,2020-12-29,14,14,0
Coke,2021-01-03,30,30,0
Coke,2021-01-05,34,34,0
Coke,2021-01-06,41,41,0
Coke,2021-01-07,45,41,4
Coke,2021-01-08,49,43,6
Coke,2021-01-09,60,49,11
Coke,2021-01-10,60,49,11
Coke,2021-01-11,60,49,11
Coleman,2020-12-29,33,33,0
Coleman,2021-01-03,115,115,0
Coleman,2021-01-05,115,115,0
Coleman,2021-01-06,156,156,0
Coleman,2021-01-07,208,208,0
Coleman,2021-01-08,208,208,0
Coleman,2021-01-09,215,209,6
Coleman,2021-01-10,216,210,6
Coleman,2021-01-11,216,210,6
Collin,2020-12-29,4305,4305,0
Collin,2021-01-03,9435,9435,0
Collin,2021-01-05,13047,13047,0
Collin,2021-01-06,14154,13865,289
Collin,2021-01-07,15451,14981,470
Collin,2021-01-08,17060,16415,645
Collin,2021-01-09,19635,18023,1612
Collin,2021-01-10,22121,19694,2427
Collin,2021-01-11,22396,19802,2594
Collingsworth,2020-12-29,12,12,0
Collingsworth,2021-01-03,67,67,0
Collingsworth,2021-01-05,81,81,0
Collingsworth,2021-01-06,107,107,0
Collingsworth,2021-01-07,111,110,1
Collingsworth,2021-01-08,115,114,1
Collingsworth,2021-01-09,123,122,1
Collingsworth,2021-01-10,122,121,1
Collingsworth,2021-01-11,122,121,1
Colorado,2020-12-29,35,35,0
Colorado,2021-01-03,170,170,0
Colorado,2021-01-05,171,171,0
Colorado,2021-01-06,182,182,0
Colorado,2021-01-07,264,264,0
Colorado,2021-01-08,355,354,1
Colorado,2021-01-09,403,402,1
Colorado,2021-01-10,413,410,3
Colorado,2021-01-11,420,416,4
Comal,2020-12-29,487,487,0
Comal,2021-01-03,1949,1949,0
Comal,2021-01-05,2271,2271,0
Comal,2021-01-06,2426,2416,10
Comal,2021-01-07,2652,2640,12
Comal,2021-01-08,2959,2913,46
Comal,2021-01-09,3329,3235,94
Comal,2021-01-10,3581,3434,147
Comal,2021-01-11,3578,3425,153
Comanche,2020-12-29,49,49,0
Comanche,2021-01-03,395,395,0
Comanche,2021-01-05,434,434,0
Comanche,2021-01-06,444,443,1
Comanche,2021-01-07,451,450,1
Comanche,2021-01-08,465,464,1
Comanche,2021-01-09,471,468,3
Comanche,2021-01-10,473,470,3
Comanche,2021-01-11,473,470,3
Concho,2020-12-29,13,13,0
Concho,2021-01-03,24,24,0
Concho,2021-01-05,24,24,0
Concho,2021-01-06,29,29,0
Concho,2021-01-07,33,30,3
Concho,2021-01-08,34,30,4
Concho,2021-01-09,39,30,9
Concho,2021-01-10,39,30,9
Concho,2021-01-11,39,30,9
Cooke,2020-12-29,66,66,0
Cooke,2021-01-03,202,202,0
Cooke,2021-01-05,241,241,0
Cooke,2021-01-06,261,256,5
Cooke,2021-01-07,344,337,7
Cooke,2021-01-08,440,433,7
Cooke,2021-01-09,624,610,14
Cooke,2021-01-10,737,720,17
Cooke,2021-01-11,739,722,17
Coryell,2020-12-29,193,193,0
Coryell,2021-01-03,473,473,0
Coryell,2021-01-05,538,538,0
Coryell,2021-01-06,588,587,1
Coryell,2021-01-07,639,638,1
Coryell,2021-01-08,714,713,1
Coryell,2021-01-09,848,841,7
Coryell,2021-01-10,909,890,19
Coryell,2021-01-11,909,890,19
Cottle,2020-12-29,422,422,0
Cottle,2021-01-03,654,654,0
Cottle,2021-01-05,714,714,0
Cottle,2021-01-06,719,719,0
Cottle,2021-01-07,823,821,2
Cottle,2021-01-08,924,908,16
Cottle,2021-01-09,1003,970,33
Cottle,2021-01-10,1274,1167,107
Cottle,2021-01-11,1274,1167,107
Crane,2020-12-29,50,50,0
Crane,2021-01-03,103,103,0
Crane,2021-01-05,108,108,0
Crane,2021-01-06,111,111,0
Crane,2021-01-07,111,111,0
Crane,2021-01-08,113,113,0
Crane,2021-01-09,118,118,0
Crane,2021-01-10,123,123,0
Crane,2021-01-11,123,123,0
Crockett,2020-12-29,9,9,0
Crockett,2021-01-03,14,14,0
Crockett,2021-01-05,19,19,0
Crockett,2021-01-06,29,29,0
Crockett,2021-01-07,29,29,0
Crockett,2021-01-08,29,29,0
Crockett,2021-01-09,33,31,2
Crockett,2021-01-10,52,47,5
Crockett,2021-01-11,50,45,5
Crosby,2020-12-29,41,41,0
Crosby,2021-01-03,123,123,0
Crosby,2021-01-05,129,129,0
Crosby,2021-01-06,139,137,2
Crosby,2021-01-07,146,144,2
Crosby,2021-01-08,164,161,3
Crosby,2021-01-09,184,176,8
Crosby,2021-01-10,191,183,8
Crosby,2021-01-11,191,183,8
Culberson,2020-12-29,2,2,0
Culberson,2021-01-03,22,22,0
Culberson,2021-01-05,22,22,0
Culberson,2021-01-06,51,51,0
Culberson,2021-01-07,60,60,0
Culberson,2021-01-08,60,60,0
Culberson,2021-01-09,70,70,0
Culberson,2021-01-10,71,71,0
Culberson,2021-01-11,71,71,0
Dallam,2020-12-29,7,7,0
Dallam,2021-01-03,22,22,0
Dallam,2021-01-05,25,25,0
Dallam,2021-01-06,36,36,0
Dallam,2021-01-07,44,44,0
Dallam,2021-01-08,58,58,0
Dallam,2021-01-09,60,60,0
Dallam,2021-01-10,63,63,0
Dallam,2021-01-11,64,64,0
Dallas,2020-12-29,14148,14148,0
Dallas,2021-01-03,26127,26127,0
Dallas,2021-01-05,30325,30325,0
Dallas,2021-01-06,32731,32061,670
Dallas,2021-01-07,37305,35774,1531
Dallas,2021-01-08,42825,40027,2798
Dallas,2021-01-09,49928,44127,5801
Dallas,2021-01-10,58195,49655,8540
Dallas,2021-01-11,59961,50288,9673
Dawson,2020-12-29,10,10,0
Dawson,2021-01-03,35,35,0
Dawson,2021-01-05,40,40,0
Dawson,2021-01-06,74,73,1
Dawson,2021-01-07,99,95,4
Dawson,2021-01-08,116,112,4
Dawson,2021-01-09,137,133,4
Dawson,2021-01-10,138,134,4
Dawson,2021-01-11,139,135,4
DeWitt,2020-12-29,70,70,0
DeWitt,2021-01-03,117,117,0
DeWitt,2021-01-05,141,141,0
DeWitt,2021-01-06,154,154,0
DeWitt,2021-01-07,160,159,1
DeWitt,2021-01-08,196,192,4
DeWitt,2021-01-09,226,212,14
DeWitt,2021-01-10,276,261,15
DeWitt,2021-01-11,276,261,15
Deaf Smith,2020-12-29,54,54,0
Deaf Smith,2021-01-03,299,299,0
Deaf Smith,2021-01-05,339,339,0
Deaf Smith,2021-01-06,385,385,0
Deaf Smith,2021-01-07,437,434,3
Deaf Smith,2021-01-08,514,510,4
Deaf Smith,2021-01-09,580,572,8
Deaf Smith,2021-01-10,607,599,8
Deaf Smith,2021-01-11,607,599,8
Delta,2020-12-29,11,11,0
Delta,2021-01-03,54,54,0
Delta,2021-01-05,55,55,0
Delta,2021-01-06,59,59,0
Delta,2021-01-07,61,61,0
Delta,2021-01-08,73,73,0
Delta,2021-01-09,76,76,0
Delta,2021-01-10,77,77,0
Delta,2021-01-11,77,77,0
Denton,2020-12-29,2318,2318,0
Denton,2021-01-03,5548,5548,0
Denton,2021-01-05,7656,7656,0
Denton,2021-01-06,8413,8246,167
Denton,2021-01-07,9378,9105,273
Denton,2021-01-08,10658,10264,394
Denton,2021-01-09,12181,11362,819
Denton,2021-01-10,13484,12291,1193
Denton,2021-01-11,13695,12373,1322
Dickens,2020-12-29,7,7,0
Dickens,2021-01-03,12,12,0
Dickens,2021-01-05,12,12,0
Dickens,2021-01-06,13,13,0
Dickens,2021-01-07,16,16,0
Dickens,2021-01-08,21,21,0
Dickens,2021-01-09,27,26,1
Dickens,2021-01-10,27,26,1
Dickens,2021-01-11,27,26,1
Dimmit,2020-12-29,20,20,0
Dimmit,2021-01-03,135,135,0
Dimmit,2021-01-05,136,136,0
Dimmit,2021-01-06,149,149,0
Dimmit,2021-01-07,167,167,0
Dimmit,2021-01-08,184,184,0
Dimmit,2021-01-09,195,195,0
Dimmit,2021-01-10,199,199,0
Dimmit,2021-01-11,200,200,0
Donley,2020-12-29,10,10,0
Donley,2021-01-03,32,32,0
Donley,2021-01-05,46,46,0
Donley,2021-01-06,51,51,0
Donley,2021-01-07,121,121,0
Donley,2021-01-08,173,173,0
Donley,2021-01-09,185,184,1
Donley,2021-01-10,193,192,1
Donley,2021-01-11,196,195,1
Duval,2020-12-29,23,23,0
Duval,2021-01-03,112,112,0
Duval,2021-01-05,123,123,0
Duval,2021-01-06,144,144,0
Duval,2021-01-07,164,162,2
Duval,2021-01-08,186,184,2
Duval,2021-01-09,211,209,2
Duval,2021-01-10,241,239,2
Duval,2021-01-11,243,241,2
Eastland,2020-12-29,43,43,0
Eastland,2021-01-03,134,134,0
Eastland,2021-01-05,137,137,0
Eastland,2021-01-06,143,142,1
Eastland,2021-01-07,240,239,1
Eastland,2021-01-08,247,246,1
Eastland,2021-01-09,297,293,4
Eastland,2021-01-10,303,298,5
Eastland,2021-01-11,303,298,5
Ector,2020-12-29,338,338,0
Ector,2021-01-03,936,936,0
Ector,2021-01-05,1035,1035,0
Ector,2021-01-06,1342,1325,17
Ector,2021-01-07,1877,1835,42
Ector,2021-01-08,2010,1915,95
Ector,2021-01-09,2646,2502,144
Ector,2021-01-10,2878,2732,146
Ector,2021-01-11,2879,2733,146
Edwards,2020-12-29,15,15,0
Edwards,2021-01-03,26,26,0
Edwards,2021-01-05,32,32,0
Edwards,2021-01-06,33,32,1
Edwards,2021-01-07,35,34,1
Edwards,2021-01-08,36,34,2
Edwards,2021-01-09,41,39,2
Edwards,2021-01-10,41,39,2
Edwards,2021-01-11,41,39,2
El Paso,2020-12-29,12411,12411,0
El Paso,2021-01-03,16484,16484,0
El Paso,2021-01-05,19796,19796,0
El Paso,2021-01-06,21906,21841,65
El Paso,2021-01-07,25447,24639,808
El Paso,2021-01-08,29648,27517,2131
El Paso,2021-01-09,34086,30181,3905
El Paso,2021-01-10,38156,33160,4996
El Paso,2021-01-11,38160,33163,4997
Ellis,2020-12-29,772,772,0
Ellis,2021-01-03,1941,1941,0
Ellis,2021-01-05,2100,2100,0
Ellis,2021-01-06,2268,2257,11
Ellis,2021-01-07,2724,2621,103
Ellis,2021-01-08,3059,2920,139
Ellis,2021-01-09,3568,3264,304
Ellis,2021-01-10,4020,3595,425
Ellis,2021-01-11,4109,3648,461
Erath,2020-12-29,98,98,0
Erath,2021-01-03,285,285,0
Erath,2021-01-05,295,295,0
Erath,2021-01-06,371,369,2
Erath,2021-01-07,409,405,4
Erath,2021-01-08,461,457,4
Erath,2021-01-09,471,467,4
Erath,2021-01-10,571,552,19
Erath,2021-01-11,572,552,20
Falls,2020-12-29,19,19,0
Falls,2021-01-03,88,88,0
Falls,2021-01-05,95,95,0
Falls,2021-01-06,123,123,0
Falls,2021-01-07,129,129,0
Falls,2021-01-08,142,142,0
Falls,2021-01-09,167,165,2
Falls,2021-01-10,188,176,12
Falls,2021-01-11,192,180,12
Fannin,2020-12-29,234,234,0
Fannin,2021-01-03,642,642,0
Fannin,2021-01-05,738,738,0
Fannin,2021-01-06,766,763,3
Fannin,2021-01-07,813,807,6
Fannin,2021-01-08,1021,1013,8
Fannin,2021-01-09,1087,1075,12
Fannin,2021-01-10,1130,1115,15
Fannin,2021-01-11,1130,1115,15
Fayette,2020-12-29,129,129,0
Fayette,2021-01-03,433,433,0
Fayette,2021-01-05,461,461,0
Fayette,2021-01-06,479,479,0
Fayette,2021-01-07,505,505,0
Fayette,2021-01-08,539,537,2
Fayette,2021-01-09,566,563,3
Fayette,2021-01-10,573,567,6
Fayette,2021-01-11,575,569,6
Fisher,2020-12-29,5,5,0
Fisher,2021-01-03,12,12,0
Fisher,2021-01-05,12,12,0
Fisher,2021-01-06,14,14,0
Fisher,2021-01-07,15,15,0
Fisher,2021-01-08,18,18,0
Fisher,2021-01-09,32,31,1
Fisher,2021-01-10,32,31,1
Fisher,2021-01-11,32,31,1
Floyd,2020-12-29,6,6,0
Floyd,2021-01-03,27,27,0
Floyd,2021-01-05,27,27,0
Floyd,2021-01-06,33,33,0
Floyd,2021-01-07,45,45,0
Floyd,2021-01-08,91,91,0
Floyd,2021-01-09,161,160,1
Floyd,2021-01-10,167,166,1
Floyd,2021-01-11,167,166,1
Foard,2020-12-29,8,8,0
Foard,2021-01-03,19,19,0
Foard,2021-01-05,20,20,0
Foard,2021-01-06,28,28,0
Foard,2021-01-07,29,29,0
Foard,2021-01-08,34,34,0
Foard,2021-01-09,35,35,0
Foard,2021-01-10,37,36,1
Foard,2021-01-11,37,36,1
Fort Bend,2020-12-29,3181,3181,0
Fort Bend,2021-01-03,8913,8913,0
Fort Bend,2021-01-05,10178,10178,0
Fort Bend,2021-01-06,10999,10782,217
Fort Bend,2021-01-07,12441,12029,412
Fort Bend,2021-01-08,15183,14240,943
Fort Bend,2021-01-09,17855,16290,1565
Fort Bend,2021-01-10,20167,17789,2378
Fort Bend,2021-01-11,20989,18373,2616
Franklin,2020-12-29,30,30,0
Franklin,2021-01-03,116,116,0
Franklin,2021-01-05,125,125,0
Franklin,2021-01-06,137,137,0
Franklin,2021-01-07,158,158,0
Franklin,2021-01-08,165,163,2
Franklin,2021-01-09,176,174,2
Franklin,2021-01-10,179,177,2
Franklin,2021-01-11,179,177,2
Freestone,2020-12-29,3,3,0
Freestone,2021-01-03,53,53,0
Freestone,2021-01-05,63,63,0
Freestone,2021-01-06,65,65,0
Freestone,2021-01-07,80,80,0
Freestone,2021-01-08,134,134,0
Freestone,2021-01-09,201,201,0
Freestone,2021-01-10,243,242,1
Freestone,2021-01-11,246,245,1
Frio,2020-12-29,230,230,0
Frio,2021-01-03,327,327,0
Frio,2021-01-05,343,343,0
Frio,2021-01-06,358,358,0
Frio,2021-01-07,409,409,0
Frio,2021-01-08,497,496,1
Frio,2021-01-09,531,528,3
Frio,2021-01-10,545,542,3
Frio,2021-01-11,545,542,3
Gaines,2020-12-29,50,50,0
Gaines,2021-01-03,172,172,0
Gaines,2021-01-05,181,181,0
Gaines,2021-01-06,209,209,0
Gaines,2021-01-07,258,258,0
Gaines,2021-01-08,409,407,2
Gaines,2021-01-09,523,521,2
Gaines,2021-01-10,525,521,4
Gaines,2021-01-11,526,521,5
Galveston,2020-12-29,3049,3049,0
Galveston,2021-01-03,6219,6219,0
Galveston,2021-01-05,7458,7458,0
Galveston,2021-01-06,7862,7729,133
Galveston,2021-01-07,9172,8964,208
Galveston,2021-01-08,10667,10243,424
Galveston,2021-01-09,11799,11124,675
Galveston,2021-01-10,14568,12989,1579
Galveston,2021-01-11,14735,13079,1656
Garza,2020-12-29,12,12,0
Garza,2021-01-03,22,22,0
Garza,2021-01-05,23,23,0
Garza,2021-01-06,30,29,1
Garza,2021-01-07,36,34,2
Garza,2021-01-08,44,42,2
Garza,2021-01-09,50,47,3
Garza,2021-01-10,52,49,3
Garza,2021-01-11,52,49,3
Gillespie,2020-12-29,94,94,0
Gillespie,2021-01-03,508,508,0
Gillespie,2021-01-05,514,514,0
Gillespie,2021-01-06,620,619,1
Gillespie,2021-01-07,666,665,1
Gillespie,2021-01-08,726,724,2
Gillespie,2021-01-09,736,733,3
Gillespie,2021-01-10,746,741,5
Gillespie,2021-01-11,746,741,5
Glasscock,2020-12-29,3,3,0
Glasscock,2021-01-03,4,4,0
Glasscock,2021-01-05,4,4,0
Glasscock,2021-01-06,5,5,0
Glasscock,2021-01-07,6,6,0
Glasscock,2021-01-08,6,6,0
Glasscock,2021-01-09,10,9,1
Glasscock,2021-01-10,10,9,1
Glasscock,2021-01-11,10,9,1
Goliad,2020-12-29,31,31,0
Goliad,2021-01-03,86,86,0
Goliad,2021-01-05,94,94,0
Goliad,2021-01-06,100,100,0
Goliad,2021-01-07,108,105,3
Goliad,2021-01-08,120,115,5
Goliad,2021-01-09,134,126,8
Goliad,2021-01-10,139,131,8
Goliad,2021-01-11,141,133,8
Gonzales,2020-12-29,60,60,0
Gonzales,2021-01-03,186,186,0
Gonzales,2021-01-05,224,224,0
Gonzales,2021-01-06,258,258,0
Gonzales,2021-01-07,292,292,0
Gonzales,2021-01-08,363,363,0
Gonzales,2021-01-09,475,475,0
Gonzales,2021-01-10,481,480,1
Gonzales,2021-01-11,481,480,1
Gray,2020-12-29,17,17,0
Gray,2021-01-03,168,168,0
Gray,2021-01-05,230,230,0
Gray,2021-01-06,323,322,1
Gray,2021-01-07,422,419,3
Gray,2021-01-08,621,616,5
Gray,2021-01-09,626,619,7
Gray,2021-01-10,653,646,7
Gray,2021-01-11,651,645,6
Grayson,2020-12-29,541,541,0
Grayson,2021-01-03,1570,1570,0
Grayson,2021-01-05,2006,2006,0
Grayson,2021-01-06,2218,2204,14
Grayson,2021-01-07,2373,2357,16
Grayson,2021-01-08,2948,2928,20
Grayson,2021-01-09,3414,3374,40
Grayson,2021-01-10,3633,3569,64
Grayson,2021-01-11,3642,3577,65
Gregg,2020-12-29,892,892,0
Gregg,2021-01-03,1768,1768,0
Gregg,2021-01-05,1879,1879,0
Gregg,2021-01-06,1947,1942,5
Gregg,2021-01-07,2084,2074,10
Gregg,2021-01-08,2424,2312,112
Gregg,2021-01-09,2792,2545,247
Gregg,2021-01-10,2947,2677,270
Gregg,2021-01-11,2997,2727,270
Grimes,2020-12-29,64,64,0
Grimes,2021-01-03,203,203,0
Grimes,2021-01-05,235,235,0
Grimes,2021-01-06,274,273,1
Grimes,2021-01-07,323,322,1
Grimes,2021-01-08,368,366,2
Grimes,2021-01-09,401,397,4
Grimes,2021-01-10,409,403,6
Grimes,2021-01-11,410,404,6
Guadalupe,2020-12-29,888,888,0
Guadalupe,2021-01-03,1880,1880,0
Guadalupe,2021-01-05,2139,2139,0
Guadalupe,2021-01-06,2233,2222,11
Guadalupe,2021-01-07,2423,2412,11
Guadalupe,2021-01-08,2666,2616,50
Guadalupe,2021-01-09,2980,2863,117
Guadalupe,2021-01-10,3156,2989,167
Guadalupe,2021-01-11,3167,2995,172
Hale,2020-12-29,197,197,0
Hale,2021-01-03,446,446,0
Hale,2021-01-05,458,458,0
Hale,2021-01-06,549,544,5
Hale,2021-01-07,669,660,9
Hale,2021-01-08,867,846,21
Hale,2021-01-09,995,966,29
Hale,2021-01-10,1008,974,34
Hale,2021-01-11,1008,974,34
Hall,2020-12-29,4,4,0
Hall,2021-01-03,35,35,0
Hall,2021-01-05,42,42,0
Hall,2021-01-06,59,59,0
Hall,2021-01-07,65,65,0
Hall,2021-01-08,79,78,1
Hall,2021-01-09,109,108,1
Hall,2021-01-10,114,112,2
Hall,2021-01-11,114,112,2
Hamilton,2020-12-29,19,19,0
Hamilton,2021-01-03,245,245,0
Hamilton,2021-01-05,334,334,0
Hamilton,2021-01-06,443,443,0
Hamilton,2021-01-07,494,494,0
Hamilton,2021-01-08,534,534,0
Hamilton,2021-01-09,550,550,0
Hamilton,2021-01-10,554,554,0
Hamilton,2021-01-11,554,554,0
Hansford,2020-12-29,88,88,0
Hansford,2021-01-03,141,141,0
Hansford,2021-01-05,199,199,0
Hansford,2021-01-06,206,206,0
Hansford,2021-01-07,212,210,2
Hansford,2021-01-08,215,213,2
Hansford,2021-01-09,215,213,2
Hansford,2021-01-10,219,217,2
Hansford,2021-01-11,219,217,2
Hardeman,2020-12-29,74,74,0
Hardeman,2021-01-03,128,128,0
Hardeman,2021-01-05,132,132,0
Hardeman,2021-01-06,159,157,2
Hardeman,2021-01-07,173,171,2
Hardeman,2021-01-08,218,214,4
Hardeman,2021-01-09,288,283,5
Hardeman,2021-01-10,292,287,5
Hardeman,2021-01-11,292,287,5
Hardin,2020-12-29,147,147,0
Hardin,2021-01-03,441,441,0
Hardin,2021-01-05,477,477,0
Hardin,2021-01-06,551,547,4
Hardin,2021-01-07,621,616,5
Hardin,2021-01-08,791,783,8
Hardin,2021-01-09,871,862,9
Hardin,2021-01-10,1003,993,10
Hardin,2021-01-11,1007,997,10
Harris,2020-12-29,23389,23389,0
Harris,2021-01-03,56642,56642,0
Harris,2021-01-05,65295,65295,0
Harris,2021-01-06,71558,69900,1658
Harris,2021-01-07,82420,78924,3496
Harris,2021-01-08,96461,90398,6063
Harris,2021-01-09,110095,100737,9358
Harris,2021-01-10,120037,106141,13896
Harris,2021-01-11,124328,108960,15368
Harrison,2020-12-29,211,211,0
Harrison,2021-01-03,396,396,0
Harrison,2021-01-05,560,560,0
Harrison,2021-01-06,603,602,1
Harrison,2021-01-07,632,631,1
Harrison,2021-01-08,705,680,25
Harrison,2021-01-09,870,800,70
Harrison,2021-01-10,1008,936,72
Harrison,2021-01-11,1012,939,73
Hartley,2020-12-29,5,5,0
Hartley,2021-01-03,17,17,0
Hartley,2021-01-05,20,20,0
Hartley,2021-01-06,28,28,0
Hartley,2021-01-07,35,35,0
Hartley,2021-01-08,41,40,1
Hartley,2021-01-09,42,41,1
Hartley,2021-01-10,43,42,1
Hartley,2021-01-11,43,42,1
Haskell,2020-12-29,15,15,0
Haskell,2021-01-03,49,49,0
Haskell,2021-01-05,55,55,0
Haskell,2021-01-06,55,55,0
Haskell,2021-01-07,61,61,0
Haskell,2021-01-08,65,65,0
Haskell,2021-01-09,145,143,2
Haskell,2021-01-10,148,146,2
Haskell,2021-01-11,148,146,2
Hays,2020-12-29,891,891,0
Hays,2021-01-03,2908,2908,0
Hays,2021-01-05,3464,3464,0
Hays,2021-01-06,3674,3670,4
Hays,2021-01-07,3870,3856,14
Hays,2021-01-08,4370,4347,23
Hays,2021-01-09,4659,4560,99
Hays,2021-01-10,5214,4986,228
Hays,2021-01-11,5268,5013,255
Hemphill,2020-12-29,8,8,0
Hemphill,2021-01-03,139,139,0
Hemphill,2021-01-05,165,165,0
Hemphill,2021-01-06,211,211,0
Hemphill,2021-01-07,221,221,0
Hemphill,2021-01-08,333,333,0
Hemphill,2021-01-09,334,334,0
Hemphill,2021-01-10,334,334,0
Hemphill,2021-01-11,336,335,1
Henderson,2020-12-29,45,45,0
Henderson,2021-01-03,550,550,0
Henderson,2021-01-05,642,642,0
Henderson,2021-01-06,677,674,3
Henderson,2021-01-07,729,722,7
Henderson,2021-01-08,856,842,14
Henderson,2021-01-09,1044,1017,27
Henderson,2021-01-10,1214,1139,75
Henderson,2021-01-11,1275,1178,97
Hidalgo,2020-12-29,2692,2692,0
Hidalgo,2021-01-03,7808,7808,0
Hidalgo,2021-01-05,8934,8934,0
Hidalgo,2021-01-06,9657,9619,38
Hidalgo,2021-01-07,11950,11887,63
Hidalgo,2021-01-08,12879,12810,69
Hidalgo,2021-01-09,14558,14151,407
Hidalgo,2021-01-10,19060,16901,2159
Hidalgo,2021-01-11,19240,16924,2316
Hill,2020-12-29,70,70,0
Hill,2021-01-03,328,328,0
Hill,2021-01-05,378,378,0
Hill,2021-01-06,427,425,2
Hill,2021-01-07,463,459,4
Hill,2021-01-08,536,531,5
Hill,2021-01-09,584,578,6
Hill,2021-01-10,622,611,11
Hill,2021-01-11,625,613,12
Hockley,2020-12-29,122,122,0
Hockley,2021-01-03,352,352,0
Hockley,2021-01-05,359,359,0
Hockley,2021-01-06,377,371,6
Hockley,2021-01-07,425,410,15
Hockley,2021-01-08,496,473,23
Hockley,2021-01-09,541,507,34
Hockley,2021-01-10,551,512,39
Hockley,2021-01-11,550,512,38
Hood,2020-12-29,104,104,0
Hood,2021-01-03,575,575,0
Hood,2021-01-05,650,650,0
Hood,2021-01-06,727,723,4
Hood,2021-01-07,758,750,8
Hood,2021-01-08,816,807,9
Hood,2021-01-09,893,881,12
Hood,2021-01-10,989,966,23
Hood,2021-01-11,993,969,24
Hopkins,2020-12-29,66,66,0
Hopkins,2021-01-03,274,274,0
Hopkins,2021-01-05,294,294,0
Hopkins,2021-01-06,310,310,0
Hopkins,2021-01-07,329,329,0
Hopkins,2021-01-08,379,377,2
Hopkins,2021-01-09,682,678,4
Hopkins,2021-01-10,745,740,5
Hopkins,2021-01-11,855,849,6
Houston,2020-12-29,73,73,0
Houston,2021-01-03,237,237,0
Houston,2021-01-05,276,276,0
Houston,2021-01-06,361,360,1
Houston,2021-01-07,432,431,1
Houston,2021-01-08,521,520,1
Houston,2021-01-09,633,632,1
Houston,2021-01-10,653,651,2
Houston,2021-01-11,657,654,3
Howard,2020-12-29,73,73,0
Howard,2021-01-03,300,300,0
Howard,2021-01-05,330,330,0
Howard,2021-01-06,445,444,1
Howard,2021-01-07,523,520,3
Howard,2021-01-08,623,620,3
Howard,2021-01-09,678,673,5
Howard,2021-01-10,678,672,6
Howard,2021-01-11,678,672,6
Hudspeth,2020-12-29,7,7,0
Hudspeth,2021-01-03,32,32,0
Hudspeth,2021-01-05,33,33,0
Hudspeth,2021-01-06,39,39,0
Hudspeth,2021-01-07,48,48,0
Hudspeth,2021-01-08,48,48,0
Hudspeth,2021-01-09,57,57,0
Hudspeth,2021-01-10,60,59,1
Hudspeth,2021-01-11,60,59,1
Hunt,2020-12-29,468,468,0
Hunt,2021-01-03,1216,1216,0
Hunt,2021-01-05,1429,1429,0
Hunt,2021-01-06,1684,1674,10
Hunt,2021-01-07,1986,1965,21
Hunt,2021-01-08,2244,2212,32
Hunt,2021-01-09,2319,2262,57
Hunt,2021-01-10,2367,2308,59
Hunt,2021-01-11,2371,2309,62
Hutchinson,2020-12-29,67,67,0
Hutchinson,2021-01-03,199,199,0
Hutchinson,2021-01-05,226,226,0
Hutchinson,2021-01-06,286,286,0
Hutchinson,2021-01-07,344,343,1
Hutchinson,2021-01-08,359,356,3
Hutchinson,2021-01-09,364,359,5
Hutchinson,2021-01-10,390,385,5
Hutchinson,2021-01-11,390,385,5
Irion,2020-12-29,3,3,0
Irion,2021-01-03,12,12,0
Irion,2021-01-05,19,19,0
Irion,2021-01-06,19,19,0
Irion,2021-01-07,20,20,0
Irion,2021-01-08,22,20,2
Irion,2021-01-09,23,21,2
Irion,2021-01-10,24,22,2
Irion,2021-01-11,24,22,2
Jack,2020-12-29,20,20,0
Jack,2021-01-03,58,58,0
Jack,2021-01-05,91,91,0
Jack,2021-01-06,115,112,3
Jack,2021-01-07,181,178,3
Jack,2021-01-08,203,200,3
Jack,2021-01-09,241,235,6
Jack,2021-01-10,244,236,8
Jack,2021-01-11,244,236,8
Jackson,2020-12-29,73,73,0
Jackson,2021-01-03,133,133,0
Jackson,2021-01-05,150,150,0
Jackson,2021-01-06,228,227,1
Jackson,2021-01-07,356,354,2
Jackson,2021-01-08,418,415,3
Jackson,2021-01-09,496,487,9
Jackson,2021-01-10,502,492,10
Jackson,2021-01-11,502,492,10
Jasper,2020-12-29,50,50,0
Jasper,2021-01-03,143,143,0
Jasper,2021-01-05,180,180,0
Jasper,2021-01-06,210,209,1
Jasper,2021-01-07,262,261,1
Jasper,2021-01-08,344,343,1
Jasper,2021-01-09,454,452,2
Jasper,2021-01-10,465,461,4
Jasper,2021-01-11,466,462,4
Jeff Davis,2020-12-29,7,7,0
Jeff Davis,2021-01-03,11,11,0
Jeff Davis,2021-01-05,15,15,0
Jeff Davis,2021-01-06,18,18,0
Jeff Davis,2021-01-07,21,21,0
Jeff Davis,2021-01-08,21,21,0
Jeff Davis,2021-01-09,44,44,0
Jeff Davis,2021-01-10,44,44,0
Jeff Davis,2021-01-11,44,44,0
Jefferson,2020-12-29,580,580,0
Jefferson,2021-01-03,1245,1245,0
Jefferson,2021-01-05,1329,1329,0
Jefferson,2021-01-06,1496,1491,5
Jefferson,2021-01-07,1602,1598,4
Jefferson,2021-01-08,1831,1817,14
Jefferson,2021-01-09,2385,2367,18
Jefferson,2021-01-10,2532,2511,21
Jefferson,2021-01-11,2559,2535,24
Jim Hogg,2020-12-29,35,35,0
Jim Hogg,2021-01-03,54,54,0
Jim Hogg,2021-01-05,58,58,0
Jim Hogg,2021-01-06,60,60,0
Jim Hogg,2021-01-07,61,61,0
Jim Hogg,2021-01-08,66,66,0
Jim Hogg,2021-01-09,71,71,0
Jim Hogg,2021-01-10,85,85,0
Jim Hogg,2021-01-11,85,85,0
Jim Wells,2020-12-29,74,74,0
Jim Wells,2021-01-03,465,465,0
Jim Wells,2021-01-05,517,517,0
Jim Wells,2021-01-06,585,583,2
Jim Wells,2021-01-07,627,624,3
Jim Wells,2021-01-08,673,662,11
Jim Wells,2021-01-09,730,719,11
Jim Wells,2021-01-10,882,869,13
Jim Wells,2021-01-11,883,870,13
Johnson,2020-12-29,716,716,0
Johnson,2021-01-03,1707,1707,0
Johnson,2021-01-05,1909,1909,0
Johnson,2021-01-06,2101,2025,76
Johnson,2021-01-07,2227,2119,108
Johnson,2021-01-08,2374,2263,111
Johnson,2021-01-09,2590,2427,163
Johnson,2021-01-10,2926,2701,225
Johnson,2021-01-11,2969,2726,243
Jones,2020-12-29,115,115,0
Jones,2021-01-03,156,156,0
Jones,2021-01-05,161,161,0
Jones,2021-01-06,164,164,0
Jones,2021-01-07,169,169,0
Jones,2021-01-08,173,172,1
Jones,2021-01-09,245,211,34
Jones,2021-01-10,255,221,34
Jones,2021-01-11,255,221,34
Karnes,2020-12-29,8,8,0
Karnes,2021-01-03,66,66,0
Karnes,2021-01-05,84,84,0
Karnes,2021-01-06,122,122,0
Karnes,2021-01-07,172,171,1
Karnes,2021-01-08,209,207,2
Karnes,2021-01-09,224,221,3
Karnes,2021-01-10,229,226,3
Karnes,2021-01-11,229,226,3
Kaufman,2020-12-29,569,569,0
Kaufman,2021-01-03,1376,1376,0
Kaufman,2021-01-05,1600,1600,0
Kaufman,2021-01-06,1771,1733,38
Kaufman,2021-01-07,2023,1921,102
Kaufman,2021-01-08,2280,2126,154
Kaufman,2021-01-09,2608,2372,236
Kaufman,2021-01-10,2841,2556,285
Kaufman,2021-01-11,2892,2566,326
Kendall,2020-12-29,273,273,0
Kendall,2021-01-03,851,851,0
Kendall,2021-01-05,974,974,0
Kendall,2021-01-06,1044,1032,12
Kendall,2021-01-07,1102,1090,12
Kendall,2021-01-08,1193,1154,39
Kendall,2021-01-09,1286,1208,78
Kendall,2021-01-10,1440,1286,154
Kendall,2021-01-11,1451,1288,163
Kenedy,2020-12-29,1,1,0
Kenedy,2021-01-03,1,1,0
Kenedy,2021-01-05,1,1,0
Kenedy,2021-01-06,3,3,0
Kenedy,2021-01-07,5,5,0
Kenedy,2021-01-08,6,6,0
Kenedy,2021-01-09,7,7,0
Kenedy,2021-01-10,7,7,0
Kenedy,2021-01-11,7,7,0
Kent,2020-12-29,0,0,0
Kent,2021-01-03,3,3,0
Kent,2021-01-05,5,5,0
Kent,2021-01-06,5,5,0
Kent,2021-01-07,11,11,0
Kent,2021-01-08,47,47,0
Kent,2021-01-09,47,47,0
Kent,2021-01-10,47,47,0
Kent,2021-01-11,47,47,0
Kerr,2020-12-29,242,242,0
Kerr,2021-01-03,652,652,0
Kerr,2021-01-05,662,662,0
Kerr,2021-01-06,682,682,0
Kerr,2021-01-07,697,697,0
Kerr,2021-01-08,719,719,0
Kerr,2021-01-09,968,968,0
Kerr,2021-01-10,1049,1047,2
Kerr,2021-01-11,1052,1049,3
Kimble,2020-12-29,42,42,0
Kimble,2021-01-03,63,63,0
Kimble,2021-01-05,63,63,0
Kimble,2021-01-06,63,63,0
Kimble,2021-01-07,63,63,0
Kimble,2021-01-08,63,63,0
Kimble,2021-01-09,64,63,1
Kimble,2021-01-10,65,63,2
Kimble,2021-01-11,65,63,2
King,2020-12-29,1,1,0
King,2021-01-03,4,4,0
King,2021-01-05,4,4,0
King,2021-01-06,4,4,0
King,2021-01-07,5,5,0
King,2021-01-08,5,5,0
King,2021-01-09,6,6,0
King,2021-01-10,7,7,0
King,2021-01-11,7,7,0
Kinney,2020-12-29,1,1,0
Kinney,2021-01-03,4,4,0
Kinney,2021-01-05,8,8,0
Kinney,2021-01-06,8,8,0
Kinney,2021-01-07,12,12,0
Kinney,2021-01-08,19,19,0
Kinney,2021-01-09,24,24,0
Kinney,2021-01-10,24,24,0
Kinney,2021-01-11,24,24,0
Kleberg,2020-12-29,40,40,0
Kleberg,2021-01-03,266,266,0
Kleberg,2021-01-05,312,312,0
Kleberg,2021-01-06,409,408,1
Kleberg,2021-01-07,438,437,1
Kleberg,2021-01-08,475,469,6
Kleberg,2021-01-09,496,489,7
Kleberg,2021-01-10,549,541,8
Kleberg,2021-01-11,549,541,8
Knox,2020-12-29,30,30,0
Knox,2021-01-03,65,65,0
Knox,2021-01-05,67,67,0
Knox,2021-01-06,68,68,0
Knox,2021-01-07,117,117,0
Knox,2021-01-08,151,151,0
Knox,2021-01-09,176,174,2
Knox,2021-01-10,177,175,2
Knox,2021-01-11,177,175,2
La Salle,2020-12-29,17,17,0
La Salle,2021-01-03,34,34,0
La Salle,2021-01-05,43,43,0
La Salle,2021-01-06,46,46,0
La Salle,2021-01-07,53,52,1
La Salle,2021-01-08,63,61,2
La Salle,2021-01-09,72,70,2
La Salle,2021-01-10,75,72,3
La Salle,2021-01-11,75,72,3
Lamar,2020-12-29,115,115,0
Lamar,2021-01-03,991,991,0
Lamar,2021-01-05,1029,1029,0
Lamar,2021-01-06,1022,1018,4
Lamar,2021-01-07,941,937,4
Lamar,2021-01-08,1134,1131,3
Lamar,2021-01-09,1172,1164,8
Lamar,2021-01-10,1197,1188,9
Lamar,2021-01-11,1202,1193,9
Lamb,2020-12-29,44,44,0
Lamb,2021-01-03,154,154,0
Lamb,2021-01-05,170,170,0
Lamb,2021-01-06,188,185,3
Lamb,2021-01-07,212,208,4
Lamb,2021-01-08,243,235,8
Lamb,2021-01-09,281,266,15
Lamb,2021-01-10,385,368,17
Lamb,2021-01-11,385,368,17
Lampasas,2020-12-29,69,69,0
Lampasas,2021-01-03,140,140,0
Lampasas,2021-01-05,146,146,0
Lampasas,2021-01-06,166,166,0
Lampasas,2021-01-07,175,175,0
Lampasas,2021-01-08,197,197,0
Lampasas,2021-01-09,212,210,2
Lampasas,2021-01-10,264,258,6
Lampasas,2021-01-11,260,254,6
Lavaca,2020-12-29,143,143,0
Lavaca,2021-01-03,382,382,0
Lavaca,2021-01-05,418,418,0
Lavaca,2021-01-06,447,446,1
Lavaca,2021-01-07,545,544,1
Lavaca,2021-01-08,626,623,3
Lavaca,2021-01-09,724,717,7
Lavaca,2021-01-10,738,730,8
Lavaca,2021-01-11,739,730,9
Lee,2020-12-29,29,29,0
Lee,2021-01-03,163,163,0
Lee,2021-01-05,191,191,0
Lee,2021-01-06,205,205,0
Lee,2021-01-07,217,216,1
Lee,2021-01-08,238,237,1
Lee,2021-01-09,252,250,2
Lee,2021-01-10,256,252,4
Lee,2021-01-11,255,251,4
Leon,2020-12-29,24,24,0
Leon,2021-01-03,138,138,0
Leon,2021-01-05,146,146,0
Leon,2021-01-06,160,159,1
Leon,2021-01-07,176,175,1
Leon,2021-01-08,204,203,1
Leon,2021-01-09,229,228,1
Leon,2021-01-10,230,228,2
Leon,2021-01-11,231,229,2
Liberty,2020-12-29,58,58,0
Liberty,2021-01-03,263,263,0
Liberty,2021-01-05,301,301,0
Liberty,2021-01-06,391,383,8
Liberty,2021-01-07,485,473,12
Liberty,2021-01-08,632,607,25
Liberty,2021-01-09,794,751,43
Liberty,2021-01-10,842,791,51
Liberty,2021-01-11,891,833,58
Limestone,2020-12-29,14,14,0
Limestone,2021-01-03,97,97,0
Limestone,2021-01-05,107,107,0
Limestone,2021-01-06,113,113,0
Limestone,2021-01-07,156,156,0
Limestone,2021-01-08,272,272,0
Limestone,2021-01-09,338,337,1
Limestone,2021-01-10,342,340,2
Limestone,2021-01-11,342,340,2
Lipscomb,2020-12-29,4,4,0
Lipscomb,2021-01-03,40,40,0
Lipscomb,2021-01-05,44,44,0
Lipscomb,2021-01-06,48,48,0
Lipscomb,2021-01-07,56,56,0
Lipscomb,2021-01-08,86,86,0
Lipscomb,2021-01-09,86,86,0
Lipscomb,2021-01-10,86,86,0
Lipscomb,2021-01-11,86,86,0
Live Oak,2020-12-29,4,4,0
Live Oak,2021-01-03,43,43,0
Live Oak,2021-01-05,48,48,0
Live Oak,2021-01-06,52,52,0
Live Oak,2021-01-07,61,61,0
Live Oak,2021-01-08,79,79,0
Live Oak,2021-01-09,106,106,0
Live Oak,2021-01-10,116,116,0
Live Oak,2021-01-11,116,116,0
Llano,2020-12-29,58,58,0
Llano,2021-01-03,171,171,0
Llano,2021-01-05,178,178,0
Llano,2021-01-06,190,189,1
Llano,2021-01-07,200,198,2
Llano,2021-01-08,223,221,2
Llano,2021-01-09,261,259,2
Llano,2021-01-10,272,266,6
Llano,2021-01-11,272,266,6
Loving,2020-12-29,0,0,0
Loving,2021-01-03,0,0,0
Loving,2021-01-05,1,1,0
Loving,2021-01-06,1,1,0
Loving,2021-01-07,1,1,0
Loving,2021-01-08,1,1,0
Loving,2021-01-09,2,2,0
Loving,2021-01-10,2,2,0
Loving,2021-01-11,2,2,0
Lubbock,2020-12-29,5325,5325,0
Lubbock,2021-01-03,8211,8211,0
Lubbock,2021-01-05,9078,9078,0
Lubbock,2021-01-06,10600,10148,452
Lubbock,2021-01-07,12495,11734,761
Lubbock,2021-01-08,14482,13324,1158
Lubbock,2021-01-09,16599,14345,2254
Lubbock,2021-01-10,16960,14559,2401
Lubbock,2021-01-11,16991,14590,2401
Lynn,2020-12-29,38,38,0
Lynn,2021-01-03,77,77,0
Lynn,2021-01-05,84,84,0
Lynn,2021-01-06,96,92,4
Lynn,2021-01-07,108,100,8
Lynn,2021-01-08,141,132,9
Lynn,2021-01-09,167,153,14
Lynn,2021-01-10,196,182,14
Lynn,2021-01-11,197,183,14
Madison,2020-12-29,17,17,0
Madison,2021-01-03,108,108,0
Madison,2021-01-05,114,114,0
Madison,2021-01-06,133,133,0
Madison,2021-01-07,150,150,0
Madison,2021-01-08,157,155,2
Madison,2021-01-09,171,169,2
Madison,2021-01-10,174,171,3
Madison,2021-01-11,175,172,3
Marion,2020-12-29,23,23,0
Marion,2021-01-03,49,49,0
Marion,2021-01-05,55,55,0
Marion,2021-01-06,62,61,1
Marion,2021-01-07,64,63,1
Marion,2021-01-08,75,73,2
Marion,2021-01-09,83,77,6
Marion,2021-01-10,98,92,6
Marion,2021-01-11,100,93,7
Martin,2020-12-29,8,8,0
Martin,2021-01-03,47,47,0
Martin,2021-01-05,81,81,0
Martin,2021-01-06,91,88,3
Martin,2021-01-07,131,126,5
Martin,2021-01-08,183,177,6
Martin,2021-01-09,249,241,8
Martin,2021-01-10,250,242,8
Martin,2021-01-11,250,242,8
Mason,2020-12-29,17,17,0
Mason,2021-01-03,116,116,0
Mason,2021-01-05,116,116,0
Mason,2021-01-06,118,117,1
Mason,2021-01-07,121,120,1
Mason,2021-01-08,125,124,1
Mason,2021-01-09,127,126,1
Mason,2021-01-10,131,127,4
Mason,2021-01-11,131,127,4
Matagorda,2020-12-29,46,46,0
Matagorda,2021-01-03,105,105,0
Matagorda,2021-01-05,140,140,0
Matagorda,2021-01-06,188,188,0
Matagorda,2021-01-07,286,285,1
Matagorda,2021-01-08,301,298,3
Matagorda,2021-01-09,323,319,4
Matagorda,2021-01-10,331,327,4
Matagorda,2021-01-11,333,328,5
Maverick,2020-12-29,40,40,0
Maverick,2021-01-03,539,539,0
Maverick,2021-01-05,546,546,0
Maverick,2021-01-06,553,553,0
Maverick,2021-01-07,560,559,1
Maverick,2021-01-08,597,596,1
Maverick,2021-01-09,619,618,1
Maverick,2021-01-10,673,670,3
Maverick,2021-01-11,674,671,3
McCulloch,2020-12-29,3,3,0
McCulloch,2021-01-03,16,16,0
McCulloch,2021-01-05,16,16,0
McCulloch,2021-01-06,16,16,0
McCulloch,2021-01-07,43,43,0
McCulloch,2021-01-08,60,60,0
McCulloch,2021-01-09,71,71,0
McCulloch,2021-01-10,71,71,0
McCulloch,2021-01-11,71,71,0
McLennan,2020-12-29,1470,1470,0
McLennan,2021-01-03,2796,2796,0
McLennan,2021-01-05,3156,3156,0
McLennan,2021-01-06,3562,3557,5
McLennan,2021-01-07,3864,3858,6
McLennan,2021-01-08,4240,4211,29
McLennan,2021-01-09,4661,4561,100
McLennan,2021-01-10,5234,4852,382
McLennan,2021-01-11,5255,4854,401
McMullen,2020-12-29,0,0,0
McMullen,2021-01-03,3,3,0
McMullen,2021-01-05,5,5,0
McMullen,2021-01-06,5,5,0
McMullen,2021-01-07,5,5,0
McMullen,2021-01-08,5,5,0
McMullen,2021-01-09,7,7,0
McMullen,2021-01-10,7,7,0
McMullen,2021-01-11,7,7,0
Medina,2020-12-29,116,115,0
Medina,2021-01-03,499,499,0
Medina,2021-01-05,587,587,0
Medina,2021-01-06,700,699,1
Medina,2021-01-07,781,780,1
Medina,2021-01-08,848,838,10
Medina,2021-01-09,900,882,18
Medina,2021-01-10,957,925,32
Medina,2021-01-11,962,927,35
Menard,2020-12-29,5,5,0
Menard,2021-01-03,49,49,0
Menard,2021-01-05,49,49,0
Menard,2021-01-06,49,49,0
Menard,2021-01-07,50,50,0
Menard,2021-01-08,50,50,0
Menard,2021-01-09,51,50,1
Menard,2021-01-10,51,50,1
Menard,2021-01-11,51,50,1
Midland,2020-12-29,578,578,0
Midland,2021-01-03,886,886,0
Midland,2021-01-05,1008,1008,0
Midland,2021-01-06,1409,1287,122
Midland,2021-01-07,1883,1583,300
Midland,2021-01-08,2355,1863,492
Midland,2021-01-09,2902,2208,694
Midland,2021-01-10,2940,2244,696
Midland,2021-01-11,2941,2245,696
Milam,2020-12-29,21,21,0
Milam,2021-01-03,130,130,0
Milam,2021-01-05,137,137,0
Milam,2021-01-06,159,159,0
Milam,2021-01-07,218,218,0
Milam,2021-01-08,238,238,0
Milam,2021-01-09,370,369,1
Milam,2021-01-10,433,429,4
Milam,2021-01-11,433,429,4
Mills,2020-12-29,12,12,0
Mills,2021-01-03,104,104,0
Mills,2021-01-05,102,102,0
Mills,2021-01-06,132,132,0
Mills,2021-01-07,159,159,0
Mills,2021-01-08,170,170,0
Mills,2021-01-09,190,189,1
Mills,2021-01-10,191,189,2
Mills,2021-01-11,191,189,2
Mitchell,2020-12-29,39,39,0
Mitchell,2021-01-03,160,160,0
Mitchell,2021-01-05,217,217,0
Mitchell,2021-01-06,238,238,0
Mitchell,2021-01-07,240,240,0
Mitchell,2021-01-08,250,250,0
Mitchell,2021-01-09,259,258,1
Mitchell,2021-01-10,259,258,1
Mitchell,2021-01-11,259,258,1
Montague,2020-12-29,73,73,0
Montague,2021-01-03,131,131,0
Montague,2021-01-05,156,156,0
Montague,2021-01-06,174,172,2
Montague,2021-01-07,204,200,4
Montague,2021-01-08,236,232,4
Montague,2021-01-09,274,250,24
Montague,2021-01-10,297,265,32
Montague,2021-01-11,298,266,32
Montgomery,2020-12-29,908,908,0
Montgomery,2021-01-03,3237,3237,0
Montgomery,2021-01-05,4616,4616,0
Montgomery,2021-01-06,5280,5128,152
Montgomery,2021-01-07,6296,6086,210
Montgomery,2021-01-08,7404,7150,254
Montgomery,2021-01-09,8911,8420,491
Montgomery,2021-01-10,9702,8851,851
Montgomery,2021-01-11,9849,8963,886
Moore,2020-12-29,17,17,0
Moore,2021-01-03,255,255,0
Moore,2021-01-05,273,273,0
Moore,2021-01-06,378,376,2
Moore,2021-01-07,460,457,3
Moore,2021-01-08,565,560,5
Moore,2021-01-09,573,566,7
Moore,2021-01-10,610,603,7
Moore,2021-01-11,610,603,7
Morris,2020-12-29,50,50,0
Morris,2021-01-03,155,155,0
Morris,2021-01-05,163,163,0
Morris,2021-01-06,176,176,0
Morris,2021-01-07,196,196,0
Morris,2021-01-08,203,201,2
Morris,2021-01-09,239,235,4
Morris,2021-01-10,246,241,5
Morris,2021-01-11,248,243,5
Motley,2020-12-29,4,4,0
Motley,2021-01-03,12,12,0
Motley,2021-01-05,14,14,0
Motley,2021-01-06,19,19,0
Motley,2021-01-07,19,19,0
Motley,2021-01-08,28,28,0
Motley,2021-01-09,34,34,0
Motley,2021-01-10,34,34,0
Motley,2021-01-11,34,34,0
Nacogdoches,2020-12-29,170,170,0
Nacogdoches,2021-01-03,928,928,0
Nacogdoches,2021-01-05,1118,1118,0
Nacogdoches,2021-01-06,1393,1390,3
Nacogdoches,2021-01-07,1629,1625,4
Nacogdoches,2021-01-08,1844,1838,6
Nacogdoches,2021-01-09,2219,2213,6
Nacogdoches,2021-01-10,2378,2367,11
Nacogdoches,2021-01-11,2393,2382,11
Navarro,2020-12-29,61,61,0
Navarro,2021-01-03,387,387,0
Navarro,2021-01-05,502,502,0
Navarro,2021-01-06,530,529,1
Navarro,2021-01-07,616,613,3
Navarro,2021-01-08,661,657,4
Navarro,2021-01-09,714,702,12
Navarro,2021-01-10,748,732,16
Navarro,2021-01-11,787,770,17
Newton,2020-12-29,7,7,0
Newton,2021-01-03,37,37,0
Newton,2021-01-05,48,48,0
Newton,2021-01-06,63,63,0
Newton,2021-01-07,101,101,0
Newton,2021-01-08,124,124,0
Newton,2021-01-09,148,148,0
Newton,2021-01-10,156,156,0
Newton,2021-01-11,157,157,0
Nolan,2020-12-29,55,55,0
Nolan,2021-01-03,155,155,0
Nolan,2021-01-05,175,175,0
Nolan,2021-01-06,216,216,0
Nolan,2021-01-07,230,230,0
Nolan,2021-01-08,320,320,0
Nolan,2021-01-09,453,438,15
Nolan,2021-01-10,475,460,15
Nolan,2021-01-11,475,460,15
Nueces,2020-12-29,2696,2696,0
Nueces,2021-01-03,6706,6706,0
Nueces,2021-01-05,7676,7676,0
Nueces,2021-01-06,8489,8344,145
Nueces,2021-01-07,9406,9270,136
Nueces,2021-01-08,10749,10365,384
Nueces,2021-01-09,11431,10984,447
Nueces,2021-01-10,12519,11733,786
Nueces,2021-01-11,12523,11736,787
Ochiltree,2020-12-29,9,9,0
Ochiltree,2021-01-03,145,145,0
Ochiltree,2021-01-05,181,181,0
Ochiltree,2021-01-06,193,193,0
Ochiltree,2021-01-07,203,203,0
Ochiltree,2021-01-08,205,205,0
Ochiltree,2021-01-09,205,205,0
Ochiltree,2021-01-10,209,207,2
Ochiltree,2021-01-11,209,207,2
Oldham,2020-12-29,13,13,0
Oldham,2021-01-03,41,41,0
Oldham,2021-01-05,56,56,0
Oldham,2021-01-06,66,64,2
Oldham,2021-01-07,79,77,2
Oldham,2021-01-08,82,79,3
Oldham,2021-01-09,96,90,6
Oldham,2021-01-10,100,94,6
Oldham,2021-01-11,100,94,6
Orange,2020-12-29,110,110,0
Orange,2021-01-03,240,240,0
Orange,2021-01-05,270,270,0
Orange,2021-01-06,301,300,1
Orange,2021-01-07,307,307,0
Orange,2021-01-08,397,396,1
Orange,2021-01-09,480,477,3
Orange,2021-01-10,526,520,6
Orange,2021-01-11,530,523,7
Palo Pinto,2020-12-29,21,21,0
Palo Pinto,2021-01-03,137,137,0
Palo Pinto,2021-01-05,168,168,0
Palo Pinto,2021-01-06,186,184,2
Palo Pinto,2021-01-07,230,228,2
Palo Pinto,2021-01-08,285,283,2
Palo Pinto,2021-01-09,363,358,5
Palo Pinto,2021-01-10,372,365,7
Palo Pinto,2021-01-11,372,365,7
Panola,2020-12-29,33,33,0
Panola,2021-01-03,88,88,0
Panola,2021-01-05,103,103,0
Panola,2021-01-06,113,113,0
Panola,2021-01-07,121,121,0
Panola,2021-01-08,165,162,3
Panola,2021-01-09,196,187,9
Panola,2021-01-10,207,197,10
Panola,2021-01-11,212,202,10
Parker,2020-12-29,487,487,0
Parker,2021-01-03,1142,1142,0
Parker,2021-01-05,1579,1579,0
Parker,2021-01-06,1938,1875,63
Parker,2021-01-07,2097,2014,83
Parker,2021-01-08,2428,2341,87
Parker,2021-01-09,2756,2637,119
Parker,2021-01-10,3014,2856,158
Parker,2021-01-11,3052,2889,163
Parmer,2020-12-29,40,40,0
Parmer,2021-01-03,116,116,0
Parmer,2021-01-05,148,148,0
Parmer,2021-01-06,167,166,1
Parmer,2021-01-07,205,202,3
Parmer,2021-01-08,264,260,4
Parmer,2021-01-09,337,333,4
Parmer,2021-01-10,336,333,3
Parmer,2021-01-11,336,333,3
Pecos,2020-12-29,176,176,0
Pecos,2021-01-03,456,456,0
Pecos,2021-01-05,482,482,0
Pecos,2021-01-06,487,487,0
Pecos,2021-01-07,506,505,1
Pecos,2021-01-08,519,518,1
Pecos,2021-01-09,525,522,3
Pecos,2021-01-10,525,522,3
Pecos,2021-01-11,525,522,3
Polk,2020-12-29,32,32,0
Polk,2021-01-03,225,225,0
Polk,2021-01-05,302,302,0
Polk,2021-01-06,357,355,2
Polk,2021-01-07,394,391,3
Polk,2021-01-08,509,503,6
Polk,2021-01-09,604,596,8
Polk,2021-01-10,623,610,13
Polk,2021-01-11,622,610,12
Potter,2020-12-29,1278,1278,0
Potter,2021-01-03,3871,3871,0
Potter,2021-01-05,4887,4887,0
Potter,2021-01-06,5927,5869,58
Potter,2021-01-07,6904,6715,189
Potter,2021-01-08,7091,6798,293
Potter,2021-01-09,7452,6983,469
Potter,2021-01-10,7827,7368,459
Potter,2021-01-11,7824,7376,448
Presidio,2020-12-29,4,4,0
Presidio,2021-01-03,27,27,0
Presidio,2021-01-05,31,31,0
Presidio,2021-01-06,42,42,0
Presidio,2021-01-07,43,43,0
Presidio,2021-01-08,80,80,0
Presidio,2021-01-09,101,101,0
Presidio,2021-01-10,102,102,0
Presidio,2021-01-11,102,102,0
Rains,2020-12-29,31,31,0
Rains,2021-01-03,108,108,0
Rains,2021-01-05,125,125,0
Rains,2021-01-06,144,141,3
Rains,2021-01-07,165,160,5
Rains,2021-01-08,172,166,6
Rains,2021-01-09,192,184,8
Rains,2021-01-10,198,189,9
Rains,2021-01-11,202,193,9
Randall,2020-12-29,2164,2164,0
Randall,2021-01-03,6177,6177,0
Randall,2021-01-05,7559,7559,0
Randall,2021-01-06,9185,9081,104
Randall,2021-01-07,10587,10257,330
Randall,2021-01-08,10907,10396,511
Randall,2021-01-09,11434,10611,823
Randall,2021-01-10,12024,11205,819
Randall,2021-01-11,12027,11224,803
Reagan,2020-12-29,12,12,0
Reagan,2021-01-03,15,15,0
Reagan,2021-01-05,19,19,0
Reagan,2021-01-06,22,22,0
Reagan,2021-01-07,39,38,1
Reagan,2021-01-08,74,73,1
Reagan,2021-01-09,74,73,1
Reagan,2021-01-10,74,73,1
Reagan,2021-01-11,74,73,1
Real,2020-12-29,6,6,0
Real,2021-01-03,18,18,0
Real,2021-01-05,19,19,0
Real,2021-01-06,22,22,0
Real,2021-01-07,25,25,0
Real,2021-01-08,28,28,0
Real,2021-01-09,30,29,1
Real,2021-01-10,32,31,1
Real,2021-01-11,32,31,1
Red River,2020-12-29,26,26,0
Red River,2021-01-03,111,111,0
Red River,2021-01-05,114,114,0
Red River,2021-01-06,120,120,0
Red River,2021-01-07,116,116,0
Red River,2021-01-08,132,132,0
Red River,2021-01-09,148,148,0
Red River,2021-01-10,155,154,1
Red River,2021-01-11,157,156,1
Reeves,2020-12-29,12,12,0
Reeves,2021-01-03,106,106,0
Reeves,2021-01-05,107,107,0
Reeves,2021-01-06,109,109,0
Reeves,2021-01-07,156,155,1
Reeves,2021-01-08,159,158,1
Reeves,2021-01-09,297,296,1
Reeves,2021-01-10,371,370,1
Reeves,2021-01-11,371,370,1
Refugio,2020-12-29,71,71,0
Refugio,2021-01-03,315,315,0
Refugio,2021-01-05,316,316,0
Refugio,2021-01-06,315,315,0
Refugio,2021-01-07,331,331,0
Refugio,2021-01-08,333,333,0
Refugio,2021-01-09,339,338,1
Refugio,2021-01-10,382,380,2
Refugio,2021-01-11,382,380,2
Roberts,2020-12-29,0,0,0
Roberts,2021-01-03,13,13,0
Roberts,2021-01-05,15,15,0
Roberts,2021-01-06,20,20,0
Roberts,2021-01-07,21,21,0
Roberts,2021-01-08,39,39,0
Roberts,2021-01-09,40,40,0
Roberts,2021-01-10,41,41,0
Roberts,2021-01-11,41,41,0
Robertson,2020-12-29,24,24,0
Robertson,2021-01-03,80,80,0
Robertson,2021-01-05,113,113,0
Robertson,2021-01-06,127,127,0
Robertson,2021-01-07,150,150,0
Robertson,2021-01-08,185,185,0
Robertson,2021-01-09,217,215,2
Robertson,2021-01-10,224,218,6
Robertson,2021-01-11,224,218,6
Rockwall,2020-12-29,450,450,0
Rockwall,2021-01-03,1129,1129,0
Rockwall,2021-01-05,1313,1313,0
Rockwall,2021-01-06,1434,1417,17
Rockwall,2021-01-07,1567,1530,37
Rockwall,2021-01-08,1745,1682,63
Rockwall,2021-01-09,2001,1868,133
Rockwall,2021-01-10,2281,2086,195
Rockwall,2021-01-11,2324,2107,217
Runnels,2020-12-29,66,66,0
Runnels,2021-01-03,221,221,0
Runnels,2021-01-05,271,271,0
Runnels,2021-01-06,375,375,0
Runnels,2021-01-07,401,397,4
Runnels,2021-01-08,419,410,9
Runnels,2021-01-09,501,461,40
Runnels,2021-01-10,510,462,48
Runnels,2021-01-11,510,462,48
Rusk,2020-12-29,110,110,0
Rusk,2021-01-03,283,283,0
Rusk,2021-01-05,291,291,0
Rusk,2021-01-06,303,303,0
Rusk,2021-01-07,338,338,0
Rusk,2021-01-08,384,376,8
Rusk,2021-01-09,451,427,24
Rusk,2021-01-10,518,487,31
Rusk,2021-01-11,531,497,34
Sabine,2020-12-29,7,7,0
Sabine,2021-01-03,57,57,0
Sabine,2021-01-05,74,74,0
Sabine,2021-01-06,89,89,0
Sabine,2021-01-07,111,111,0
Sabine,2021-01-08,136,136,0
Sabine,2021-01-09,185,184,1
Sabine,2021-01-10,226,225,1
Sabine,2021-01-11,227,226,1
San Augustine,2020-12-29,5,5,0
San Augustine,2021-01-03,35,35,0
San Augustine,2021-01-05,51,51,0
San Augustine,2021-01-06,67,67,0
San Augustine,2021-01-07,75,75,0
San Augustine,2021-01-08,92,92,0
San Augustine,2021-01-09,103,103,0
San Augustine,2021-01-10,111,111,0
San Augustine,2021-01-11,113,112,1
San Jacinto,2020-12-29,18,18,0
San Jacinto,2021-01-03,116,116,0
San Jacinto,2021-01-05,147,147,0
San Jacinto,2021-01-06,172,172,0
San Jacinto,2021-01-07,194,192,2
San Jacinto,2021-01-08,271,268,3
San Jacinto,2021-01-09,323,319,4
San Jacinto,2021-01-10,363,352,11
San Jacinto,2021-01-11,363,352,11
San Patricio,2020-12-29,182,182,0
San Patricio,2021-01-03,599,599,0
San Patricio,2021-01-05,673,673,0
San Patricio,2021-01-06,731,712,19
San Patricio,2021-01-07,823,804,19
San Patricio,2021-01-08,922,884,38
San Patricio,2021-01-09,1008,970,38
San Patricio,2021-01-10,1129,1068,61
San Patricio,2021-01-11,1129,1068,61
San Saba,2020-12-29,9,9,0
San Saba,2021-01-03,15,15,0
San Saba,2021-01-05,16,16,0
San Saba,2021-01-06,16,16,0
San Saba,2021-01-07,17,17,0
San Saba,2021-01-08,20,20,0
San Saba,2021-01-09,23,23,0
San Saba,2021-01-10,24,24,0
San Saba,2021-01-11,24,24,0
Schleicher,2020-12-29,21,21,0
Schleicher,2021-01-03,44,44,0
Schleicher,2021-01-05,47,47,0
Schleicher,2021-01-06,61,61,0
Schleicher,2021-01-07,75,74,1
Schleicher,2021-01-08,85,82,3
Schleicher,2021-01-09,94,87,7
Schleicher,2021-01-10,109,87,22
Schleicher,2021-01-11,109,87,22
Scurry,2020-12-29,12,12,0
Scurry,2021-01-03,63,63,0
Scurry,2021-01-05,66,66,0
Scurry,2021-01-06,86,86,0
Scurry,2021-01-07,172,172,0
Scurry,2021-01-08,256,256,0
Scurry,2021-01-09,346,345,1
Scurry,2021-01-10,346,345,1
Scurry,2021-01-11,346,345,1
Shackelford,2020-12-29,21,21,0
Shackelford,2021-01-03,27,27,0
Shackelford,2021-01-05,28,28,0
Shackelford,2021-01-06,29,29,0
Shackelford,2021-01-07,30,30,0
Shackelford,2021-01-08,32,32,0
Shackelford,2021-01-09,44,35,9
Shackelford,2021-01-10,46,37,9
Shackelford,2021-01-11,46,37,9
Shelby,2020-12-29,19,19,0
Shelby,2021-01-03,84,84,0
Shelby,2021-01-05,98,98,0
Shelby,2021-01-06,223,223,0
Shelby,2021-01-07,244,244,0
Shelby,2021-01-08,271,271,0
Shelby,2021-01-09,306,306,0
Shelby,2021-01-10,310,309,1
Shelby,2021-01-11,310,309,1
Sherman,2020-12-29,2,2,0
Sherman,2021-01-03,13,13,0
Sherman,2021-01-05,20,20,0
Sherman,2021-01-06,23,22,1
Sherman,2021-01-07,25,24,1
Sherman,2021-01-08,26,25,1
Sherman,2021-01-09,26,25,1
Sherman,2021-01-10,26,25,1
Sherman,2021-01-11,26,25,1
Smith,2020-12-29,505,505,0
Smith,2021-01-03,4593,4593,0
Smith,2021-01-05,5015,5015,0
Smith,2021-01-06,5176,5172,4
Smith,2021-01-07,5487,5450,37
Smith,2021-01-08,5953,5861,92
Smith,2021-01-09,7074,6831,243
Smith,2021-01-10,8540,7919,621
Smith,2021-01-11,8968,8238,730
Somervell,2020-12-29,28,28,0
Somervell,2021-01-03,87,87,0
Somervell,2021-01-05,93,93,0
Somervell,2021-01-06,116,108,8
Somervell,2021-01-07,124,116,8
Somervell,2021-01-08,141,133,8
Somervell,2021-01-09,151,143,8
Somervell,2021-01-10,163,154,9
Somervell,2021-01-11,166,157,9
Starr,2020-12-29,435,435,0
Starr,2021-01-03,1099,1099,0
Starr,2021-01-05,1158,1158,0
Starr,2021-01-06,1191,1191,0
Starr,2021-01-07,1289,1289,0
Starr,2021-01-08,1366,1365,1
Starr,2021-01-09,1483,1474,9
Starr,2021-01-10,1624,1589,35
Starr,2021-01-11,1636,1589,47
Statewide,2020-12-17,4187,4187,0
Statewide,2020-12-18,14041,14041,0
Statewide,2020-12-19,25275,25275,0
Statewide,2020-12-20,26007,26007,0
Statewide,2020-12-21,42248,42248,0
Statewide,2020-12-22,60631,60631,0
Statewide,2020-12-23,83967,83967,0
Statewide,2020-12-24,113514,113514,0
Statewide,2020-12-25,126411,126411,0
Statewide,2020-12-26,131990,131990,0
Statewide,2020-12-27,140415,140415,0
Statewide,2020-12-28,146988,146988,0
Statewide,2020-12-29,163700,163700,0
Statewide,2020-12-30,205463,205463,0
Statewide,2020-12-31,282515,282515,0
Statewide,2021-01-01,340415,340415,0
Statewide,2021-01-02,365455,365455,0
Statewide,2021-01-03,377050,377050,0
Statewide,2021-01-04,414211,414211,0
Statewide,2021-01-05,439502,439502,0
Statewide,2021-01-06,482045,469209,6418
Statewide,2021-01-07,541512,513554,13979
Statewide,2021-01-08,614086,589332,24754
Statewide,2021-01-09,700559,652648,47911
Statewide,2021-01-10,789569,711337,78232
Statewide,2021-01-11,802503,718965,83538
Stephens,2020-12-29,11,11,0
Stephens,2021-01-03,29,29,0
Stephens,2021-01-05,29,29,0
Stephens,2021-01-06,29,29,0
Stephens,2021-01-07,33,33,0
Stephens,2021-01-08,46,45,1
Stephens,2021-01-09,57,53,4
Stephens,2021-01-10,58,54,4
Stephens,2021-01-11,58,54,4
Sterling,2020-12-29,1,1,0
Sterling,2021-01-03,6,6,0
Sterling,2021-01-05,7,7,0
Sterling,2021-01-06,31,31,0
Sterling,2021-01-07,31,31,0
Sterling,2021-01-08,31,31,0
Sterling,2021-01-09,33,32,1
Sterling,2021-01-10,33,32,1
Sterling,2021-01-11,33,32,1
Stonewall,2020-12-29,3,3,0
Stonewall,2021-01-03,21,21,0
Stonewall,2021-01-05,35,35,0
Stonewall,2021-01-06,35,35,0
Stonewall,2021-01-07,47,47,0
Stonewall,2021-01-08,50,50,0
Stonewall,2021-01-09,53,51,2
Stonewall,2021-01-10,54,52,2
Stonewall,2021-01-11,54,52,2
Sutton,2020-12-29,20,20,0
Sutton,2021-01-03,29,29,0
Sutton,2021-01-05,31,31,0
Sutton,2021-01-06,32,32,0
Sutton,2021-01-07,34,34,0
Sutton,2021-01-08,35,34,1
Sutton,2021-01-09,40,37,3
Sutton,2021-01-10,53,37,16
Sutton,2021-01-11,53,37,16
Swisher,2020-12-29,25,25,0
Swisher,2021-01-03,141,141,0
Swisher,2021-01-05,160,160,0
Swisher,2021-01-06,195,194,1
Swisher,2021-01-07,213,212,1
Swisher,2021-01-08,248,247,1
Swisher,2021-01-09,266,264,2
Swisher,2021-01-10,269,267,2
Swisher,2021-01-11,269,267,2
Tarrant,2020-12-29,8478,8478,0
Tarrant,2021-01-03,19568,19568,0
Tarrant,2021-01-05,24490,24490,0
Tarrant,2021-01-06,26756,26449,307
Tarrant,2021-01-07,29679,28941,738
Tarrant,2021-01-08,34078,33146,932
Tarrant,2021-01-09,38395,36659,1736
Tarrant,2021-01-10,41001,38424,2577
Tarrant,2021-01-11,41562,38717,2845
Taylor,2020-12-29,2949,2948,0
Taylor,2021-01-03,3964,3964,0
Taylor,2021-01-05,4039,4039,0
Taylor,2021-01-06,4072,4069,3
Taylor,2021-01-07,4158,4150,8
Taylor,2021-01-08,4204,4193,11
Taylor,2021-01-09,5460,4352,1108
Taylor,2021-01-10,5595,4484,1111
Taylor,2021-01-11,5596,4485,1111
Terrell,2020-12-29,11,11,0
Terrell,2021-01-03,21,21,0
Terrell,2021-01-05,22,22,0
Terrell,2021-01-06,23,23,0
Terrell,2021-01-07,25,25,0
Terrell,2021-01-08,27,27,0
Terrell,2021-01-09,27,27,0
Terrell,2021-01-10,27,27,0
Terrell,2021-01-11,27,27,0
Terry,2020-12-29,137,137,0
Terry,2021-01-03,374,374,0
Terry,2021-01-05,448,448,0
Terry,2021-01-06,469,467,2
Terry,2021-01-07,481,479,2
Terry,2021-01-08,500,496,4
Terry,2021-01-09,538,530,8
Terry,2021-01-10,623,615,8
Terry,2021-01-11,623,615,8
Throckmorton,2020-12-29,2,2,0
Throckmorton,2021-01-03,3,3,0
Throckmorton,2021-01-05,14,14,0
Throckmorton,2021-01-06,36,36,0
Throckmorton,2021-01-07,47,47,0
Throckmorton,2021-01-08,58,58,0
Throckmorton,2021-01-09,70,70,0
Throckmorton,2021-01-10,70,70,0
Throckmorton,2021-01-11,70,70,0
Titus,2020-12-29,139,139,0
Titus,2021-01-03,384,384,0
Titus,2021-01-05,427,427,0
Titus,2021-01-06,498,497,1
Titus,2021-01-07,509,508,1
Titus,2021-01-08,536,534,2
Titus,2021-01-09,556,553,3
Titus,2021-01-10,565,560,5
Titus,2021-01-11,567,562,5
Tom Green,2020-12-29,1816,1816,0
Tom Green,2021-01-03,2762,2762,0
Tom Green,2021-01-05,2824,2824,0
Tom Green,2021-01-06,2895,2893,2
Tom Green,2021-01-07,3160,2960,200
Tom Green,2021-01-08,3612,3181,431
Tom Green,2021-01-09,4704,3356,1348
Tom Green,2021-01-10,5130,3497,1633
Tom Green,2021-01-11,5129,3496,1633
Travis,2020-12-28,6940,6940,0
Travis,2020-12-29,7387,7387,0
Travis,2020-12-30,10256,10256,0
Travis,2020-12-31,13294,13294,0
Travis,2021-01-01,15113,15113,0
Travis,2021-01-02,16932,16932,0
Travis,2021-01-03,17741,17741,0
Travis,2021-01-04,20290,20290,0
Travis,2021-01-05,22839,22839,0
Travis,2021-01-06,24018,23966,52
Travis,2021-01-07,25558,25215,343
Travis,2021-01-08,28303,27782,521
Travis,2021-01-09,31028,29381,1647
Travis,2021-01-10,34175,31044,3131
Travis,2021-01-11,34305,31109,3196
Trinity,2020-12-29,7,7,0
Trinity,2021-01-03,64,64,0
Trinity,2021-01-05,82,82,0
Trinity,2021-01-06,122,122,0
Trinity,2021-01-07,153,153,0
Trinity,2021-01-08,174,174,0
Trinity,2021-01-09,228,228,0
Trinity,2021-01-10,253,253,0
Trinity,2021-01-11,254,254,0
Tyler,2020-12-29,12,12,0
Tyler,2021-01-03,132,132,0
Tyler,2021-01-05,175,175,0
Tyler,2021-01-06,221,221,0
Tyler,2021-01-07,309,309,0
Tyler,2021-01-08,486,486,0
Tyler,2021-01-09,636,636,0
Tyler,2021-01-10,662,662,0
Tyler,2021-01-11,665,665,0
Upshur,2020-12-29,159,159,0
Upshur,2021-01-03,318,318,0
Upshur,2021-01-05,338,338,0
Upshur,2021-01-06,343,343,0
Upshur,2021-01-07,374,371,3
Upshur,2021-01-08,442,421,21
Upshur,2021-01-09,514,470,44
Upshur,2021-01-10,604,551,53
Upshur,2021-01-11,615,561,54
Upton,2020-12-29,13,13,0
Upton,2021-01-03,124,124,0
Upton,2021-01-05,131,131,0
Upton,2021-01-06,145,145,0
Upton,2021-01-07,146,146,0
Upton,2021-01-08,146,146,0
Upton,2021-01-09,145,145,0
Upton,2021-01-10,145,145,0
Upton,2021-01-11,145,145,0
Uvalde,2020-12-29,264,264,0
Uvalde,2021-01-03,485,485,0
Uvalde,2021-01-05,497,497,0
Uvalde,2021-01-06,498,498,0
Uvalde,2021-01-07,645,645,0
Uvalde,2021-01-08,753,753,0
Uvalde,2021-01-09,760,758,2
Uvalde,2021-01-10,802,798,4
Uvalde,2021-01-11,803,799,4
Val Verde,2020-12-29,201,201,0
Val Verde,2021-01-03,450,450,0
Val Verde,2021-01-05,518,518,0
Val Verde,2021-01-06,520,520,0
Val Verde,2021-01-07,696,696,0
Val Verde,2021-01-08,826,826,0
Val Verde,2021-01-09,1108,1107,1
Val Verde,2021-01-10,1147,1143,4
Val Verde,2021-01-11,1149,1145,4
Van Zandt,2020-12-29,107,107,0
Van Zandt,2021-01-03,514,514,0
Van Zandt,2021-01-05,552,552,0
Van Zandt,2021-01-06,598,588,10
Van Zandt,2021-01-07,683,662,21
Van Zandt,2021-01-08,737,697,40
Van Zandt,2021-01-09,841,788,53
Van Zandt,2021-01-10,1016,947,69
Van Zandt,2021-01-11,1086,1014,72
Victoria,2020-12-29,966,966,0
Victoria,2021-01-03,1795,1795,0
Victoria,2021-01-05,1943,1943,0
Victoria,2021-01-06,2131,2129,2
Victoria,2021-01-07,2249,2207,42
Victoria,2021-01-08,2544,2428,116
Victoria,2021-01-09,2877,2608,269
Victoria,2021-01-10,2894,2623,271
Victoria,2021-01-11,2895,2624,271
Walker,2020-12-29,27,27,0
Walker,2021-01-03,399,399,0
Walker,2021-01-05,482,482,0
Walker,2021-01-06,598,595,3
Walker,2021-01-07,712,708,4
Walker,2021-01-08,773,766,7
Walker,2021-01-09,893,884,9
Walker,2021-01-10,935,921,14
Walker,2021-01-11,939,924,15
Waller,2020-12-29,28,28,0
Waller,2021-01-03,199,199,0
Waller,2021-01-05,273,273,0
Waller,2021-01-06,300,296,4
Waller,2021-01-07,366,359,7
Waller,2021-01-08,426,414,12
Waller,2021-01-09,479,464,15
Waller,2021-01-10,533,507,26
Waller,2021-01-11,546,519,27
Ward,2020-12-29,13,13,0
Ward,2021-01-03,102,102,0
Ward,2021-01-05,103,103,0
Ward,2021-01-06,138,138,0
Ward,2021-01-07,165,164,1
Ward,2021-01-08,190,189,1
Ward,2021-01-09,209,208,1
Ward,2021-01-10,212,211,1
Ward,2021-01-11,212,211,1
Washington,2020-12-29,61,61,0
Washington,2021-01-03,252,252,0
Washington,2021-01-05,339,339,0
Washington,2021-01-06,365,365,0
Washington,2021-01-07,470,470,0
Washington,2021-01-08,545,543,2
Washington,2021-01-09,646,640,6
Washington,2021-01-10,680,667,13
Washington,2021-01-11,682,669,13
Webb,2020-12-29,1295,1295,0
Webb,2021-01-03,3690,3690,0
Webb,2021-01-05,4336,4336,0
Webb,2021-01-06,4946,4942,4
Webb,2021-01-07,5363,5359,4
Webb,2021-01-08,6214,6205,9
Webb,2021-01-09,7177,7094,83
Webb,2021-01-10,7424,7327,97
Webb,2021-01-11,7478,7379,99
Wharton,2020-12-29,38,38,0
Wharton,2021-01-03,211,211,0
Wharton,2021-01-05,227,227,0
Wharton,2021-01-06,276,274,2
Wharton,2021-01-07,322,320,2
Wharton,2021-01-08,381,375,6
Wharton,2021-01-09,431,418,13
Wharton,2021-01-10,482,464,18
Wharton,2021-01-11,489,471,18
Wheeler,2020-12-29,0,0,0
Wheeler,2021-01-03,46,46,0
Wheeler,2021-01-05,61,61,0
Wheeler,2021-01-06,72,72,0
Wheeler,2021-01-07,89,89,0
Wheeler,2021-01-08,112,112,0
Wheeler,2021-01-09,123,123,0
Wheeler,2021-01-10,125,125,0
Wheeler,2021-01-11,126,126,0
Wichita,2020-12-29,1565,1565,0
Wichita,2021-01-03,2494,2494,0
Wichita,2021-01-05,2655,2655,0
Wichita,2021-01-06,2947,2907,40
Wichita,2021-01-07,3378,3132,246
Wichita,2021-01-08,3879,3491,388
Wichita,2021-01-09,4415,4019,396
Wichita,2021-01-10,4606,4207,399
Wichita,2021-01-11,4655,4256,399
Wilbarger,2020-12-29,305,305,0
Wilbarger,2021-01-03,587,587,0
Wilbarger,2021-01-05,611,611,0
Wilbarger,2021-01-06,676,676,0
Wilbarger,2021-01-07,764,760,4
Wilbarger,2021-01-08,849,838,11
Wilbarger,2021-01-09,927,915,12
Wilbarger,2021-01-10,969,957,12
Wilbarger,2021-01-11,969,957,12
Willacy,2020-12-29,67,67,0
Willacy,2021-01-03,158,158,0
Willacy,2021-01-05,164,164,0
Willacy,2021-01-06,194,194,0
Willacy,2021-01-07,214,214,0
Willacy,2021-01-08,247,245,2
Willacy,2021-01-09,304,292,12
Willacy,2021-01-10,389,360,29
Willacy,2021-01-11,393,363,30
Williamson,2020-12-29,2429,2429,0
Williamson,2021-01-03,7931,7931,0
Williamson,2021-01-05,9983,9983,0
Williamson,2021-01-06,10644,10622,22
Williamson,2021-01-07,11211,11162,49
Williamson,2021-01-08,12284,12186,98
Williamson,2021-01-09,13732,13329,403
Williamson,2021-01-10,15051,14067,984
Williamson,2021-01-11,15126,14119,1007
Wilson,2020-12-29,207,207,0
Wilson,2021-01-03,972,972,0
Wilson,2021-01-05,1105,1105,0
Wilson,2021-01-06,1170,1161,9
Wilson,2021-01-07,1288,1279,9
Wilson,2021-01-08,1454,1433,21
Wilson,2021-01-09,1651,1595,56
Wilson,2021-01-10,1687,1624,63
Wilson,2021-01-11,1696,1632,64
Winkler,2020-12-29,5,5,0
Winkler,2021-01-03,17,17,0
Winkler,2021-01-05,18,18,0
Winkler,2021-01-06,20,20,0
Winkler,2021-01-07,20,20,0
Winkler,2021-01-08,24,24,0
Winkler,2021-01-09,84,84,0
Winkler,2021-01-10,85,85,0
Winkler,2021-01-11,85,85,0
Wise,2020-12-29,876,876,0
Wise,2021-01-03,1053,1053,0
Wise,2021-01-05,1375,1375,0
Wise,2021-01-06,1817,1806,11
Wise,2021-01-07,2169,2153,16
Wise,2021-01-08,2313,2296,17
Wise,2021-01-09,2654,2340,314
Wise,2021-01-10,2806,2380,426
Wise,2021-01-11,2814,2385,429
Wood,2020-12-29,57,57,0
Wood,2021-01-03,430,430,0
Wood,2021-01-05,464,464,0
Wood,2021-01-06,493,490,3
Wood,2021-01-07,543,537,6
Wood,2021-01-08,593,585,8
Wood,2021-01-09,757,745,12
Wood,2021-01-10,872,850,22
Wood,2021-01-11,925,900,25
Yoakum,2020-12-29,16,16,0
Yoakum,2021-01-03,169,169,0
Yoakum,2021-01-05,214,214,0
Yoakum,2021-01-06,217,216,1
Yoakum,2021-01-07,231,230,1
Yoakum,2021-01-08,244,243,1
Yoakum,2021-01-09,341,337,4
Yoakum,2021-01-10,342,338,4
Yoakum,2021-01-11,342,338,4
Young,2020-12-29,31,31,0
Young,2021-01-03,359,359,0
Young,2021-01-05,427,427,0
Young,2021-01-06,438,438,0
Young,2021-01-07,446,446,0
Young,2021-01-08,451,451,0
Young,2021-01-09,481,481,0
Young,2021-01-10,484,482,2
Young,2021-01-11,484,482,2
Zapata,2020-12-29,54,54,0
Zapata,2021-01-03,81,81,0
Zapata,2021-01-05,93,93,0
Zapata,2021-01-06,95,95,0
Zapata,2021-01-07,101,100,1
Zapata,2021-01-08,109,108,1
Zapata,2021-01-09,118,116,2
Zapata,2021-01-10,118,116,2
Zapata,2021-01-11,118,116,2
Zavala,2020-12-29,25,25,0
Zavala,2021-01-03,109,109,0
Zavala,2021-01-05,112,112,0
Zavala,2021-01-06,117,117,0
Zavala,2021-01-07,141,141,0
Zavala,2021-01-08,146,146,0
Zavala,2021-01-09,161,161,0
Zavala,2021-01-10,167,167,0
Zavala,2021-01-11,167,167,0
